0.01
0.01141
0.01214
0.01334
0.0145
0.01545
0.01774
0.01975
0.02096
0.02012
0.02091
0.02325
0.02339
0.02416
0.02446
0.02522
0.02455
0.02498
0.02667
0.02653
0.02633
0.02795
0.02835
0.02869
0.02786
0.02817
0.02838
0.03005
0.02893
0.02964
0.02876
0.03095
0.03037
0.02972
0.02852
0.02966
0.02953
0.03078
0.02981
0.02932
0.02884
0.02937
0.02866
0.02849
0.02831
0.0287
0.02765
0.02611
0.02627
0.02547
0.02547
0.02616
0.02654
0.0264
0.02648
0.02727
0.02883
0.02806
0.02716
0.02769
0.02859
0.02862
0.02849
0.02868
0.02749
0.02758
0.02706
0.02715
0.02749
0.02855
0.02941
0.02828
0.02708
0.02803
0.02865
0.02741
0.02742
0.02588
0.02592
0.02722
0.02644
0.02532
0.0252
0.02472
0.0241
0.02342
0.024
0.02466
0.02353
0.02305
0.02225
0.02301
0.02269
0.02288
0.02337
0.02326
0.02251
0.02318
0.02361
0.02352
0.02305

