0.01
0.888345
0.993615
0.99434
0.99455
0.994265
0.99451
0.9943
0.99411
0.99415
0.993845
0.994205
0.994355
0.99428
0.994165
0.99414
0.99415
0.994435
0.994495
0.99423
0.994485
0.99429
0.99428
0.99427
0.994555
0.994425
0.99425
0.99432
0.99439
0.99419
0.99461
0.994175
0.994005
0.994675
0.994355
0.99438
0.994225
0.99441
0.9941
0.99438
0.99414
0.994285
0.99435
0.994425
0.99459
0.994115
0.99447
0.994295
0.99456
0.9942
0.994485
0.99438
0.99413
0.994545
0.99455
0.994425
0.994175
0.9941
0.994155
0.99429
0.994275
0.99438
0.994285
0.99439
0.99438
0.994385
0.99427
0.99426
0.994075
0.99422
0.994405
0.99441
0.994295
0.99404
0.994465
0.99449
0.99443
0.99453
0.9945
0.994075
0.994465
0.99427
0.994365
0.9939
0.99435
0.99445
0.994235
0.99394
0.99454
0.99408
0.99476
0.99427
0.99449
0.994285
0.994215
0.99443
0.994505
0.994215
0.993955
0.9946
0.994675

