0.1
0.11822
0.151
0.18692
0.2139
0.25697
0.30333
0.33318
0.37978
0.42568
0.46812
0.49611
0.5353
0.57001
0.59107
0.62024
0.64593
0.66075
0.68082
0.69974
0.71473
0.72298
0.73466
0.74478
0.75091
0.75723
0.76202
0.7649
0.76915
0.77305
0.77592
0.7778
0.77929
0.78049
0.78184
0.78323
0.78382
0.78562
0.78617
0.78654
0.78629
0.78548
0.78648
0.78711
0.78759
0.78759
0.78677
0.78615
0.78683
0.78834
0.78863
0.78882
0.7888
0.78988
0.78892
0.78857
0.78849
0.7882
0.78857
0.78842
0.78821
0.78816
0.78847
0.78853
0.78876
0.78932
0.78806
0.7891
0.78861
0.78895
0.78808
0.78856
0.78939
0.78833
0.78859
0.78847
0.78888
0.78868
0.78849
0.78856
0.78851
0.78811
0.78809
0.78879
0.78956
0.78892
0.78953
0.78914
0.78907
0.7897
0.78936
0.7887
0.7891
0.78929
0.79015
0.78937
0.78805
0.78847
0.78758
0.78669
0.78787

