0.1
0.12535
0.15453
0.18707
0.22391
0.26363
0.30459
0.34442
0.38428
0.42291
0.46161
0.49767
0.52991
0.56114
0.5893
0.61509
0.63716
0.65745
0.67461
0.69025
0.70405
0.71548
0.72477
0.73432
0.74245
0.74936
0.75458
0.75872
0.7627
0.76588
0.77066
0.77271
0.775
0.77633
0.7768
0.77653
0.77798
0.77917
0.77993
0.78055
0.78215
0.78335
0.78329
0.78287
0.78367
0.78386
0.78401
0.78361
0.78396
0.78395
0.78451
0.78485
0.78383
0.78426
0.78414
0.78463
0.78409
0.78415
0.78417
0.78469
0.78553
0.78647
0.78675
0.78521
0.78436
0.7846
0.785
0.78545
0.78526
0.78454
0.78527
0.78541
0.78533
0.7856
0.78635
0.78484
0.78455
0.78415
0.78424
0.78468
0.78372
0.78414
0.78351
0.78369
0.78399
0.78323
0.78351
0.78405
0.78362
0.78356
0.78323
0.7829
0.78365
0.78309
0.78418
0.78422
0.78444
0.78438
0.7856
0.7857
0.78489

