0.01
0.01078
0.01137
0.0123
0.0124
0.014
0.01544
0.01691
0.01791
0.01903
0.01992
0.02235
0.02517
0.02782
0.02833
0.02782
0.02837
0.02986
0.03146
0.03133
0.03147
0.03012
0.02805
0.02753
0.02925
0.02907
0.02915
0.02966
0.03135
0.03208
0.03153
0.03108
0.03204
0.03168
0.03364
0.03344
0.03327
0.03254
0.03147
0.03161
0.03102
0.03023
0.03076
0.03107
0.02846
0.02888
0.0297
0.03079
0.03162
0.0316
0.03133
0.03063
0.03134
0.03073
0.02975
0.03025
0.03186
0.03112
0.03062
0.03153
0.03339
0.0357
0.03454
0.0336
0.03181
0.03183
0.03165
0.0327
0.03111
0.03108
0.03074
0.03165
0.03078
0.0298
0.02972
0.02915
0.02925
0.03045
0.03026
0.03015
0.02876
0.02976
0.02972
0.02853
0.02975
0.03063
0.03073
0.03118
0.0296
0.02799
0.0277
0.02799
0.02853
0.02663
0.02744
0.02754
0.02716
0.02803
0.02836
0.02844
0.03039

