0.01
0.96139
0.996355
0.996415
0.99628
0.996425
0.996535
0.99676
0.99635
0.996185
0.996335
0.996255
0.996365
0.996375
0.9963
0.996585
0.996105
0.996395
0.99629
0.996385
0.996275
0.996285
0.996285
0.996445
0.99646
0.996125
0.99644
0.996535
0.996495
0.996595
0.99637
0.99648
0.996325
0.9965
0.996495
0.996515
0.99627
0.99658
0.996345
0.99645
0.996455
0.996485
0.99661
0.996305
0.996415
0.996435
0.996195
0.99633
0.99627
0.996535
0.996365
0.99646
0.996555
0.99653
0.99639
0.996395
0.996435
0.99616
0.99639
0.99644
0.996445
0.996575
0.99634
0.996265
0.99629
0.99652
0.996395
0.996465
0.99618
0.99622
0.996485
0.99653
0.99641
0.996505
0.99625
0.99647
0.996565
0.996555
0.99642
0.99608
0.99647
0.99626
0.996595
0.99639
0.996445
0.99636
0.99633
0.99615
0.99633
0.996225
0.996465
0.996615
0.99645
0.996685
0.996395
0.99631
0.996295
0.996275
0.99637
0.99632
0.99613

