0.01	0.01	0.01	0.01	0.01	0.01	0.01	0.01	0.01	0.01	0.01	0.01	0.01	0.01	0.01	0.01	0.01	0.01	0.01	0.01	0.01	0.01	0.01	0.01	0.01	0.01	0.01	0.01	0.01	0.01	0.01	0.01	0.01	0.01	0.01	0.01	0.01	0.01	0.01	0.01	0.01	0.01	0.01	0.01	0.01	0.01	0.01	0.01	0.01	0.01	0.01	0.01	0.01	0.01	0.01	0.01	0.01	0.01	0.01	0.01	0.01	0.01	0.01	0.01	0.01	0.01	0.01	0.01	0.01	0.01	0.01	0.01	0.01	0.01	0.01	0.01	0.01	0.01	0.01	0.01	0.01	0.01	0.01	0.01	0.01	0.01	0.01	0.01	0.01	0.01	0.01	0.01	0.01	0.01	0.01	0.01	0.01	0.01	0.01	0.01	
0.016	0.009	0.001	0.011	0.003	0.015	0.009	0.018	0.008	0.013	0.011	0.014	0.007	0.011	0.012	0.016	0.006	0.008	0.023	0.012	0.001	0.021	0.01	0.005	0.005	0.005	0.004	0.012	0.01	0.015	0.008	0.015	0.008	0.015	0.009	0.011	0.001	0.006	0.009	0.017	0.005	0.014	0.031	0.011	0.011	0.024	0.016	0.02	0.013	0.003	0.008	0.021	0.01	0.006	0.005	0.006	0.006	0.006	0.011	0.002	0.014	0.023	0.01	0.01	0.011	0.01	0.008	0.008	0.013	0.008	0.018	0.01	0.006	0.004	0.018	0.009	0.012	0.021	0.01	0.003	0.009	0.005	0.017	0.012	0.024	0.004	0.013	0.008	0.01	0.011	0.015	0.001	0.01	0.014	0.009	0.014	0.009	0.009	0.01	0.009	
0.015	0.006	0	0.014	0.006	0.02	0.008	0.019	0.004	0.01	0.008	0.011	0.001	0.018	0.015	0.021	0.002	0.006	0.045	0.014	0	0.022	0.008	0.006	0.001	0.003	0.001	0.005	0.006	0.013	0.013	0.012	0.004	0.012	0.01	0.02	0	0.005	0.005	0.022	0.003	0.014	0.021	0.022	0.011	0.018	0.021	0.024	0.011	0.001	0.013	0.01	0.01	0.005	0.003	0.009	0.008	0.015	0.006	0.003	0.03	0.033	0.012	0.002	0.011	0.013	0.006	0.002	0.007	0.01	0.03	0.008	0.001	0.005	0.018	0.009	0.01	0.018	0.022	0.002	0.013	0.002	0.019	0.02	0.026	0	0.005	0.004	0.01	0.019	0.012	0	0.01	0.024	0.011	0.012	0.022	0.013	0.018	0.009	
0.023	0.002	0	0.01	0.009	0.024	0.016	0.036	0.005	0.009	0.005	0.009	0	0.035	0.008	0.026	0.002	0.011	0.039	0.022	0	0.015	0.01	0.006	0.001	0.003	0	0.001	0.013	0.011	0.02	0.015	0.002	0.006	0.01	0.022	0	0.003	0.003	0.023	0	0.013	0.032	0.023	0.015	0.017	0.021	0.029	0.002	0	0.005	0.01	0.009	0.006	0.001	0	0.016	0.013	0.007	0	0.031	0.031	0.012	0.002	0.034	0.012	0.008	0	0.001	0.003	0.025	0.009	0	0.003	0.04	0.003	0.007	0.009	0.024	0.002	0.023	0.005	0.041	0.028	0.046	0	0.001	0.008	0.015	0.01	0.005	0	0.012	0.017	0.02	0.011	0.013	0.01	0.029	0.006	
0.018	0	0	0.002	0.007	0.03	0.014	0.037	0.002	0.006	0.002	0.002	0	0.022	0.013	0.028	0.002	0.01	0.031	0.033	0	0.022	0.007	0.015	0	0	0	0.002	0.01	0.007	0.026	0.01	0	0.003	0.01	0.024	0	0.004	0.002	0.027	0	0.026	0.03	0.032	0.012	0.007	0.019	0.043	0	0	0.008	0.018	0.01	0.005	0	0	0.009	0.019	0.006	0	0.019	0.017	0.014	0	0.023	0.008	0.008	0	0	0.001	0.028	0.009	0	0.007	0.049	0.001	0.001	0.003	0.03	0	0.01	0.008	0.046	0.024	0.051	0	0	0.009	0.018	0.024	0.008	0	0.015	0.033	0.017	0.007	0.011	0.01	0.043	0.016	
0.022	0	0	0.002	0.006	0.034	0.02	0.058	0.002	0.008	0.001	0	0	0.035	0.014	0.024	0	0.016	0.038	0.042	0	0.025	0.006	0.017	0	0	0	0.005	0.015	0.008	0.018	0.012	0	0.003	0.009	0.011	0	0.003	0	0.046	0	0.022	0.027	0.034	0.016	0.01	0.015	0.045	0	0	0.004	0.014	0.016	0.005	0	0	0.012	0.017	0.01	0	0.02	0.038	0.013	0	0.04	0.009	0.003	0	0	0.002	0.039	0.008	0	0.009	0.037	0.002	0.003	0.006	0.043	0	0.001	0.007	0.063	0.029	0.049	0	0	0.009	0.018	0.031	0.007	0	0.01	0.042	0.026	0.008	0.008	0.006	0.052	0.015	
0.019	0	0	0.009	0.007	0.054	0.029	0.04	0.001	0.002	0	0	0	0.031	0.033	0.027	0	0.027	0.032	0.043	0	0.038	0.004	0.025	0	0	0	0.002	0.025	0.001	0.027	0.011	0	0.001	0.008	0.022	0	0	0	0.038	0	0.029	0.034	0.05	0.013	0.008	0.023	0.043	0	0	0.003	0.023	0.018	0.008	0	0	0.008	0.025	0.023	0	0.017	0.045	0.015	0	0.048	0.011	0.004	0	0	0.003	0.033	0.007	0	0.015	0.027	0.001	0	0.004	0.048	0	0.008	0.016	0.055	0.025	0.05	0	0	0.011	0.012	0.039	0.004	0	0.015	0.052	0.021	0.015	0.009	0.002	0.059	0.009	
0.02	0	0	0.004	0.002	0.054	0.039	0.052	0	0.005	0	0	0	0.034	0.04	0.039	0	0.025	0.044	0.048	0	0.043	0.006	0.028	0	0	0	0	0.023	0	0.048	0.012	0	0.002	0.006	0.016	0	0	0	0.05	0	0.029	0.025	0.051	0.012	0.012	0.015	0.037	0	0	0.003	0.03	0.044	0.015	0	0	0.012	0.037	0.031	0	0.011	0.031	0.022	0	0.056	0.022	0	0	0	0.004	0.022	0.006	0	0.011	0.034	0	0	0.004	0.036	0	0.008	0.009	0.048	0.035	0.064	0	0	0.006	0.023	0.044	0.002	0	0.015	0.049	0.016	0.016	0.024	0.005	0.052	0.023	
0.019	0	0	0.001	0	0.053	0.03	0.038	0	0.009	0	0	0	0.047	0.047	0.037	0	0.023	0.052	0.052	0	0.043	0.016	0.038	0	0	0	0	0.012	0	0.041	0.005	0	0.001	0.001	0.014	0	0	0	0.037	0	0.05	0.037	0.051	0.021	0.024	0.016	0.034	0	0	0.001	0.04	0.043	0.019	0	0	0.01	0.029	0.024	0	0.006	0.037	0.031	0	0.086	0.019	0	0	0	0.004	0.011	0.004	0	0.006	0.035	0	0	0.002	0.036	0	0.006	0.017	0.054	0.057	0.068	0	0	0.001	0.015	0.034	0	0	0.019	0.055	0.027	0.019	0.042	0.008	0.059	0.018	
0.015	0	0	0	0	0.056	0.036	0.029	0	0.01	0	0	0	0.048	0.043	0.036	0	0.034	0.06	0.068	0	0.023	0.017	0.042	0	0	0	0	0.016	0	0.043	0.005	0	0.003	0	0.008	0	0	0	0.035	0	0.057	0.032	0.068	0.011	0.016	0.012	0.042	0	0	0	0.054	0.045	0.02	0	0	0.012	0.024	0.021	0	0.005	0.04	0.038	0	0.098	0.01	0	0	0	0	0.016	0.007	0	0.001	0.036	0	0	0.004	0.052	0	0	0.024	0.049	0.06	0.077	0	0	0.004	0.027	0.041	0	0	0.017	0.066	0.029	0.015	0.039	0.009	0.067	0.031	
0.016	0	0	0	0	0.063	0.032	0.031	0	0.008	0	0	0	0.055	0.036	0.033	0	0.04	0.049	0.088	0	0.009	0.01	0.04	0	0	0	0	0.023	0	0.057	0.002	0	0.004	0	0.004	0	0	0	0.046	0	0.064	0.031	0.062	0.013	0.023	0.003	0.04	0	0	0	0.057	0.055	0.026	0	0	0.012	0.016	0.016	0	0.004	0.076	0.053	0	0.108	0.012	0	0	0	0	0.018	0.004	0	0	0.032	0	0	0.007	0.057	0	0	0.008	0.03	0.044	0.089	0	0	0.003	0.035	0.04	0	0	0.031	0.085	0.028	0.014	0.058	0.003	0.055	0.034	
0.01	0	0	0	0	0.088	0.04	0.021	0	0.017	0	0	0	0.083	0.054	0.043	0	0.045	0.051	0.099	0	0.004	0.01	0.054	0	0	0	0	0.02	0	0.046	0.007	0	0.004	0	0.004	0	0	0	0.04	0	0.065	0.049	0.059	0.038	0.035	0.004	0.032	0	0	0	0.069	0.054	0.027	0	0	0.012	0.004	0.02	0	0.001	0.074	0.081	0	0.133	0.019	0	0	0	0	0.019	0.009	0	0	0.05	0	0	0.01	0.055	0	0	0.013	0.041	0.047	0.079	0	0	0.001	0.057	0.041	0	0	0.03	0.086	0.046	0.012	0.043	0.004	0.047	0.029	
0.009	0	0	0	0	0.115	0.036	0.03	0	0.04	0	0	0	0.072	0.06	0.07	0	0.045	0.065	0.104	0	0.006	0.019	0.056	0	0	0	0	0.02	0	0.059	0.009	0	0.002	0	0.003	0	0	0	0.049	0	0.049	0.066	0.07	0.035	0.022	0.004	0.03	0	0	0	0.086	0.076	0.027	0	0	0.018	0.001	0.027	0	0	0.083	0.093	0	0.153	0.019	0	0	0	0	0.023	0.02	0	0	0.059	0	0	0.008	0.05	0	0	0.012	0.056	0.045	0.104	0	0	0	0.082	0.041	0	0	0.024	0.085	0.03	0.019	0.058	0.006	0.045	0.022	
0.017	0	0	0	0	0.116	0.059	0.037	0	0.058	0	0	0	0.102	0.079	0.078	0	0.049	0.068	0.108	0	0.005	0.021	0.079	0	0	0	0	0.015	0	0.071	0.005	0	0.004	0	0	0	0	0	0.063	0	0.05	0.079	0.067	0.056	0.013	0.002	0.036	0	0	0	0.109	0.083	0.039	0	0	0.019	0	0.037	0	0	0.095	0.106	0	0.126	0.036	0	0	0	0	0.039	0.022	0	0	0.052	0	0	0.001	0.05	0	0	0.012	0.049	0.047	0.097	0	0	0	0.07	0.043	0	0	0.037	0.075	0.048	0.014	0.079	0.003	0.029	0.028	
0.011	0	0	0	0	0.122	0.041	0.035	0	0.064	0	0	0	0.108	0.082	0.064	0	0.047	0.084	0.109	0	0	0.031	0.066	0	0	0	0	0.014	0	0.09	0.003	0	0.008	0	0	0	0	0	0.051	0	0.065	0.074	0.065	0.051	0.003	0.004	0.035	0	0	0	0.124	0.098	0.048	0	0	0.03	0	0.05	0	0	0.119	0.11	0	0.097	0.045	0	0	0	0	0.065	0.036	0	0	0.046	0	0	0	0.05	0	0	0.009	0.05	0.033	0.099	0	0	0	0.049	0.062	0	0	0.034	0.062	0.057	0.011	0.075	0.001	0.025	0.021	
0.026	0	0	0	0	0.085	0.034	0.039	0	0.073	0	0	0	0.093	0.073	0.077	0	0.051	0.089	0.063	0	0	0.033	0.074	0	0	0	0	0.01	0	0.093	0	0	0.01	0	0	0	0	0	0.057	0	0.066	0.061	0.074	0.041	0.01	0.003	0.031	0	0	0	0.126	0.082	0.042	0	0	0.026	0	0.067	0	0	0.107	0.145	0	0.096	0.051	0	0	0	0	0.079	0.048	0	0	0.051	0	0	0	0.037	0	0	0.007	0.061	0.027	0.085	0	0	0	0.047	0.047	0	0	0.031	0.053	0.056	0.014	0.095	0	0.017	0.019	
0.019	0	0	0	0	0.083	0.038	0.042	0	0.078	0	0	0	0.075	0.059	0.083	0	0.074	0.089	0.065	0	0	0.033	0.087	0	0	0	0	0.003	0	0.094	0	0	0.016	0	0	0	0	0	0.041	0	0.067	0.079	0.068	0.069	0.02	0.001	0.054	0	0	0	0.111	0.077	0.047	0	0	0.034	0	0.068	0	0	0.083	0.124	0	0.098	0.053	0	0	0	0	0.06	0.061	0	0	0.047	0	0	0	0.042	0	0	0.006	0.091	0.024	0.095	0	0	0	0.05	0.063	0	0	0.026	0.044	0.063	0.006	0.094	0	0.016	0.017	
0.009	0	0	0	0	0.077	0.061	0.027	0	0.071	0	0	0	0.049	0.079	0.079	0	0.092	0.092	0.055	0	0	0.035	0.089	0	0	0	0	0.006	0	0.101	0	0	0.021	0	0	0	0	0	0.034	0	0.07	0.072	0.088	0.066	0.01	0.001	0.096	0	0	0	0.095	0.083	0.051	0	0	0.034	0	0.07	0	0	0.108	0.127	0	0.117	0.055	0	0	0	0	0.068	0.075	0	0	0.07	0	0	0	0.057	0	0	0.003	0.092	0.027	0.086	0	0	0	0.066	0.057	0	0	0.038	0.041	0.057	0.01	0.075	0	0.025	0.019	
0.012	0	0	0	0	0.102	0.053	0.014	0	0.079	0	0	0	0.055	0.079	0.1	0	0.085	0.096	0.068	0	0	0.037	0.086	0	0	0	0	0.019	0	0.107	0	0	0.022	0	0	0	0	0	0.035	0	0.09	0.065	0.11	0.045	0.011	0	0.124	0	0	0	0.146	0.112	0.07	0	0	0.027	0	0.078	0	0	0.075	0.125	0	0.135	0.047	0	0	0	0	0.079	0.069	0	0	0.072	0	0	0	0.051	0	0	0.001	0.07	0.044	0.077	0	0	0	0.059	0.05	0	0	0.051	0.036	0.055	0.013	0.067	0	0.022	0.021	
0.007	0	0	0	0	0.119	0.076	0.015	0	0.077	0	0	0	0.06	0.095	0.101	0	0.071	0.097	0.06	0	0	0.05	0.09	0	0	0	0	0.033	0	0.1	0	0	0.033	0	0	0	0	0	0.029	0	0.069	0.071	0.106	0.056	0.019	0	0.12	0	0	0	0.149	0.087	0.081	0	0	0.036	0	0.077	0	0	0.068	0.096	0	0.111	0.039	0	0	0	0	0.1	0.066	0	0	0.059	0	0	0	0.045	0	0	0	0.074	0.042	0.042	0	0	0	0.054	0.056	0	0	0.084	0.035	0.056	0.003	0.074	0	0.022	0.023	
0.001	0	0	0	0	0.115	0.119	0.022	0	0.074	0	0	0	0.082	0.101	0.104	0	0.08	0.082	0.066	0	0	0.04	0.076	0	0	0	0	0.039	0	0.08	0	0	0.04	0	0	0	0	0	0.028	0	0.071	0.061	0.101	0.061	0.033	0	0.099	0	0	0	0.119	0.101	0.077	0	0	0.049	0	0.089	0	0	0.036	0.111	0	0.108	0.025	0	0	0	0	0.068	0.054	0	0	0.051	0	0	0	0.06	0	0	0	0.075	0.05	0.05	0	0	0	0.039	0.063	0	0	0.099	0.043	0.063	0.001	0.075	0	0.03	0.036	
0	0	0	0	0	0.119	0.109	0.019	0	0.09	0	0	0	0.061	0.086	0.12	0	0.074	0.068	0.061	0	0	0.028	0.077	0	0	0	0	0.039	0	0.111	0	0	0.04	0	0	0	0	0	0.024	0	0.042	0.055	0.094	0.054	0.021	0	0.071	0	0	0	0.123	0.105	0.061	0	0	0.041	0	0.066	0	0	0.053	0.104	0	0.09	0.025	0	0	0	0	0.04	0.079	0	0	0.062	0	0	0	0.065	0	0	0	0.08	0.058	0.053	0	0	0	0.035	0.067	0	0	0.104	0.047	0.061	0	0.081	0	0.016	0.033	
0	0	0	0	0	0.082	0.09	0.027	0	0.093	0	0	0	0.058	0.08	0.112	0	0.062	0.045	0.065	0	0	0.017	0.049	0	0	0	0	0.031	0	0.103	0	0	0.042	0	0	0	0	0	0.026	0	0.051	0.064	0.095	0.055	0.02	0	0.065	0	0	0	0.123	0.096	0.048	0	0	0.023	0	0.075	0	0	0.035	0.085	0	0.111	0.024	0	0	0	0	0.043	0.066	0	0	0.042	0	0	0	0.068	0	0	0	0.071	0.072	0.047	0	0	0	0.047	0.079	0	0	0.103	0.037	0.045	0	0.073	0	0.019	0.041	
0	0	0	0	0	0.078	0.103	0.041	0	0.093	0	0	0	0.057	0.073	0.105	0	0.077	0.042	0.073	0	0	0.008	0.057	0	0	0	0	0.025	0	0.095	0	0	0.03	0	0	0	0	0	0.039	0	0.03	0.052	0.101	0.062	0.022	0	0.086	0	0	0	0.085	0.105	0.076	0	0	0.03	0	0.072	0	0	0.039	0.076	0	0.09	0.007	0	0	0	0	0.038	0.068	0	0	0.046	0	0	0	0.063	0	0	0	0.07	0.058	0.05	0	0	0	0.049	0.062	0	0	0.112	0.039	0.035	0	0.068	0	0.021	0.045	
0	0	0	0	0	0.079	0.106	0.034	0	0.089	0	0	0	0.042	0.061	0.094	0	0.083	0.052	0.089	0	0	0.023	0.037	0	0	0	0	0.031	0	0.08	0	0	0.023	0	0	0	0	0	0.026	0	0.034	0.074	0.1	0.071	0.022	0	0.107	0	0	0	0.104	0.126	0.061	0	0	0.049	0	0.096	0	0	0.029	0.096	0	0.089	0.01	0	0	0	0	0.059	0.063	0	0	0.039	0	0	0	0.073	0	0	0	0.069	0.063	0.047	0	0	0	0.065	0.061	0	0	0.09	0.05	0.038	0	0.102	0	0.026	0.063	
0	0	0	0	0	0.077	0.087	0.038	0	0.082	0	0	0	0.047	0.046	0.079	0	0.088	0.057	0.084	0	0	0.027	0.039	0	0	0	0	0.039	0	0.086	0	0	0.045	0	0	0	0	0	0.03	0	0.027	0.066	0.089	0.081	0.017	0	0.119	0	0	0	0.11	0.128	0.059	0	0	0.059	0	0.107	0	0	0.039	0.086	0	0.066	0.016	0	0	0	0	0.061	0.061	0	0	0.034	0	0	0	0.08	0	0	0	0.07	0.093	0.038	0	0	0	0.069	0.063	0	0	0.085	0.037	0.023	0	0.107	0	0.027	0.039	
0	0	0	0	0	0.095	0.109	0.036	0	0.096	0	0	0	0.034	0.04	0.07	0	0.109	0.049	0.126	0	0	0.026	0.04	0	0	0	0	0.025	0	0.087	0	0	0.077	0	0	0	0	0	0.028	0	0.033	0.067	0.086	0.107	0.006	0	0.116	0	0	0	0.124	0.113	0.058	0	0	0.071	0	0.104	0	0	0.035	0.084	0	0.061	0.012	0	0	0	0	0.042	0.065	0	0	0.017	0	0	0	0.072	0	0	0	0.068	0.067	0.036	0	0	0	0.059	0.06	0	0	0.066	0.043	0.029	0	0.086	0	0.034	0.047	
0	0	0	0	0	0.093	0.118	0.032	0	0.083	0	0	0	0.033	0.037	0.074	0	0.135	0.066	0.121	0	0	0.059	0.05	0	0	0	0	0.032	0	0.085	0	0	0.075	0	0	0	0	0	0.043	0	0.029	0.076	0.087	0.119	0.01	0	0.064	0	0	0	0.139	0.101	0.065	0	0	0.078	0	0.091	0	0	0.031	0.08	0	0.074	0.007	0	0	0	0	0.033	0.08	0	0	0.014	0	0	0	0.056	0	0	0	0.08	0.067	0.029	0	0	0	0.056	0.06	0	0	0.08	0.013	0.024	0	0.072	0	0.041	0.074	
0	0	0	0	0	0.093	0.125	0.038	0	0.075	0	0	0	0.048	0.051	0.069	0	0.118	0.066	0.119	0	0	0.054	0.079	0	0	0	0	0.04	0	0.082	0	0	0.079	0	0	0	0	0	0.03	0	0.035	0.083	0.083	0.146	0.014	0	0.081	0	0	0	0.138	0.11	0.065	0	0	0.083	0	0.117	0	0	0.045	0.072	0	0.079	0.007	0	0	0	0	0.036	0.088	0	0	0.012	0	0	0	0.062	0	0	0	0.077	0.057	0.013	0	0	0	0.064	0.078	0	0	0.092	0.01	0.021	0	0.07	0	0.054	0.077	
0	0	0	0	0	0.116	0.082	0.056	0	0.07	0	0	0	0.028	0.049	0.08	0	0.116	0.076	0.111	0	0	0.045	0.084	0	0	0	0	0.041	0	0.113	0	0	0.086	0	0	0	0	0	0.027	0	0.034	0.083	0.062	0.138	0.022	0	0.069	0	0	0	0.139	0.123	0.063	0	0	0.097	0	0.116	0	0	0.053	0.058	0	0.088	0.021	0	0	0	0	0.046	0.11	0	0	0.022	0	0	0	0.055	0	0	0	0.086	0.054	0.02	0	0	0	0.08	0.088	0	0	0.085	0.011	0.023	0	0.078	0	0.04	0.064	
0	0	0	0	0	0.099	0.074	0.062	0	0.062	0	0	0	0.022	0.057	0.088	0	0.101	0.056	0.095	0	0	0.066	0.095	0	0	0	0	0.046	0	0.106	0	0	0.072	0	0	0	0	0	0.023	0	0.014	0.094	0.104	0.126	0.018	0	0.069	0	0	0	0.113	0.087	0.06	0	0	0.095	0	0.107	0	0	0.064	0.059	0	0.104	0.028	0	0	0	0	0.06	0.103	0	0	0.024	0	0	0	0.057	0	0	0	0.085	0.038	0.011	0	0	0	0.088	0.094	0	0	0.088	0.016	0.025	0	0.074	0	0.04	0.084	
0	0	0	0	0	0.117	0.055	0.051	0	0.065	0	0	0	0.043	0.058	0.092	0	0.107	0.024	0.083	0	0	0.097	0.08	0	0	0	0	0.052	0	0.107	0	0	0.083	0	0	0	0	0	0.018	0	0.016	0.081	0.084	0.096	0.012	0	0.065	0	0	0	0.082	0.073	0.063	0	0	0.097	0	0.105	0	0	0.067	0.05	0	0.097	0.042	0	0	0	0	0.09	0.089	0	0	0.031	0	0	0	0.053	0	0	0	0.072	0.053	0.012	0	0	0	0.08	0.096	0	0	0.1	0.015	0.031	0	0.074	0	0.042	0.108	
0	0	0	0	0	0.121	0.053	0.067	0	0.07	0	0	0	0.06	0.053	0.113	0	0.118	0.014	0.078	0	0	0.088	0.083	0	0	0	0	0.053	0	0.095	0	0	0.051	0	0	0	0	0	0.018	0	0.018	0.071	0.077	0.08	0.005	0	0.088	0	0	0	0.082	0.058	0.062	0	0	0.098	0	0.112	0	0	0.082	0.049	0	0.099	0.036	0	0	0	0	0.082	0.119	0	0	0.03	0	0	0	0.086	0	0	0	0.086	0.078	0.019	0	0	0	0.054	0.128	0	0	0.126	0.024	0.024	0	0.069	0	0.047	0.08	
0	0	0	0	0	0.102	0.069	0.074	0	0.062	0	0	0	0.068	0.049	0.121	0	0.089	0.022	0.073	0	0	0.08	0.08	0	0	0	0	0.086	0	0.101	0	0	0.035	0	0	0	0	0	0.019	0	0.034	0.078	0.069	0.07	0.014	0	0.085	0	0	0	0.073	0.045	0.064	0	0	0.096	0	0.11	0	0	0.09	0.04	0	0.117	0.054	0	0	0	0	0.095	0.094	0	0	0.039	0	0	0	0.075	0	0	0	0.109	0.077	0.017	0	0	0	0.069	0.114	0	0	0.125	0.01	0.013	0	0.05	0	0.051	0.061	
0	0	0	0	0	0.103	0.077	0.067	0	0.076	0	0	0	0.078	0.033	0.123	0	0.075	0.026	0.09	0	0	0.062	0.104	0	0	0	0	0.093	0	0.086	0	0	0.035	0	0	0	0	0	0.011	0	0.036	0.103	0.079	0.1	0.019	0	0.092	0	0	0	0.08	0.068	0.056	0	0	0.074	0	0.122	0	0	0.088	0.05	0	0.142	0.063	0	0	0	0	0.11	0.077	0	0	0.042	0	0	0	0.081	0	0	0	0.123	0.073	0.028	0	0	0	0.068	0.136	0	0	0.097	0.014	0.01	0	0.054	0	0.068	0.072	
0	0	0	0	0	0.083	0.085	0.083	0	0.098	0	0	0	0.065	0.039	0.084	0	0.079	0.018	0.087	0	0	0.047	0.11	0	0	0	0	0.089	0	0.102	0	0	0.026	0	0	0	0	0	0.011	0	0.048	0.12	0.05	0.085	0.034	0	0.117	0	0	0	0.092	0.067	0.067	0	0	0.094	0	0.127	0	0	0.089	0.041	0	0.134	0.05	0	0	0	0	0.095	0.067	0	0	0.037	0	0	0	0.074	0	0	0	0.127	0.062	0.024	0	0	0	0.088	0.141	0	0	0.102	0.015	0.017	0	0.063	0	0.064	0.047	
0	0	0	0	0	0.096	0.097	0.075	0	0.106	0	0	0	0.077	0.031	0.093	0	0.072	0.013	0.078	0	0	0.047	0.103	0	0	0	0	0.091	0	0.098	0	0	0.019	0	0	0	0	0	0.009	0	0.054	0.09	0.047	0.104	0.036	0	0.132	0	0	0	0.07	0.09	0.082	0	0	0.112	0	0.1	0	0	0.078	0.046	0	0.113	0.055	0	0	0	0	0.075	0.055	0	0	0.034	0	0	0	0.059	0	0	0	0.11	0.081	0.012	0	0	0	0.075	0.13	0	0	0.139	0.022	0.018	0	0.085	0	0.077	0.041	
0	0	0	0	0	0.089	0.096	0.076	0	0.08	0	0	0	0.079	0.037	0.089	0	0.055	0.008	0.093	0	0	0.049	0.082	0	0	0	0	0.083	0	0.085	0	0	0.021	0	0	0	0	0	0.006	0	0.068	0.108	0.048	0.117	0.03	0	0.118	0	0	0	0.078	0.09	0.081	0	0	0.094	0	0.085	0	0	0.065	0.048	0	0.091	0.066	0	0	0	0	0.078	0.058	0	0	0.055	0	0	0	0.071	0	0	0	0.121	0.072	0.018	0	0	0	0.058	0.132	0	0	0.115	0.029	0.016	0	0.081	0	0.074	0.061	
0	0	0	0	0	0.083	0.071	0.07	0	0.084	0	0	0	0.076	0.042	0.097	0	0.071	0.017	0.11	0	0	0.057	0.058	0	0	0	0	0.071	0	0.061	0	0	0.027	0	0	0	0	0	0.003	0	0.055	0.107	0.051	0.109	0.036	0	0.092	0	0	0	0.047	0.077	0.09	0	0	0.095	0	0.07	0	0	0.07	0.054	0	0.087	0.074	0	0	0	0	0.077	0.067	0	0	0.046	0	0	0	0.061	0	0	0	0.108	0.073	0.023	0	0	0	0.038	0.125	0	0	0.095	0.03	0.021	0	0.112	0	0.077	0.082	
0	0	0	0	0	0.093	0.058	0.058	0	0.103	0	0	0	0.093	0.036	0.122	0	0.068	0.022	0.096	0	0	0.074	0.062	0	0	0	0	0.065	0	0.048	0	0	0.024	0	0	0	0	0	0.003	0	0.049	0.086	0.041	0.113	0.033	0	0.08	0	0	0	0.071	0.093	0.086	0	0	0.085	0	0.07	0	0	0.081	0.073	0	0.105	0.061	0	0	0	0	0.076	0.068	0	0	0.048	0	0	0	0.069	0	0	0	0.132	0.06	0.033	0	0	0	0.052	0.145	0	0	0.063	0.046	0.019	0	0.083	0	0.044	0.071	
0	0	0	0	0	0.107	0.046	0.064	0	0.095	0	0	0	0.093	0.034	0.116	0	0.083	0.013	0.096	0	0	0.098	0.048	0	0	0	0	0.085	0	0.043	0	0	0.036	0	0	0	0	0	0.003	0	0.039	0.074	0.055	0.093	0.042	0	0.079	0	0	0	0.088	0.091	0.057	0	0	0.084	0	0.057	0	0	0.085	0.061	0	0.113	0.063	0	0	0	0	0.07	0.054	0	0	0.055	0	0	0	0.078	0	0	0	0.102	0.046	0.043	0	0	0	0.079	0.127	0	0	0.065	0.045	0.008	0	0.079	0	0.05	0.06	
0	0	0	0	0	0.101	0.04	0.061	0	0.09	0	0	0	0.102	0.023	0.104	0	0.058	0.008	0.077	0	0	0.101	0.052	0	0	0	0	0.09	0	0.049	0	0	0.042	0	0	0	0	0	0.007	0	0.037	0.09	0.057	0.081	0.047	0	0.071	0	0	0	0.099	0.076	0.055	0	0	0.106	0	0.067	0	0	0.063	0.051	0	0.124	0.054	0	0	0	0	0.055	0.052	0	0	0.061	0	0	0	0.085	0	0	0	0.111	0.045	0.042	0	0	0	0.085	0.108	0	0	0.074	0.042	0.01	0	0.065	0	0.04	0.065	
0	0	0	0	0	0.09	0.041	0.082	0	0.08	0	0	0	0.118	0.019	0.09	0	0.073	0.009	0.057	0	0	0.095	0.074	0	0	0	0	0.074	0	0.068	0	0	0.034	0	0	0	0	0	0.023	0	0.039	0.111	0.05	0.057	0.054	0	0.076	0	0	0	0.08	0.087	0.059	0	0	0.091	0	0.07	0	0	0.06	0.059	0	0.11	0.058	0	0	0	0	0.059	0.052	0	0	0.065	0	0	0	0.094	0	0	0	0.102	0.042	0.036	0	0	0	0.091	0.111	0	0	0.098	0.039	0.012	0	0.088	0	0.04	0.059	
0	0	0	0	0	0.105	0.038	0.057	0	0.073	0	0	0	0.126	0.015	0.102	0	0.088	0.013	0.033	0	0	0.108	0.074	0	0	0	0	0.07	0	0.069	0	0	0.04	0	0	0	0	0	0.03	0	0.022	0.123	0.065	0.068	0.045	0	0.087	0	0	0	0.085	0.094	0.052	0	0	0.115	0	0.074	0	0	0.048	0.074	0	0.089	0.062	0	0	0	0	0.07	0.037	0	0	0.078	0	0	0	0.093	0	0	0	0.106	0.041	0.042	0	0	0	0.086	0.096	0	0	0.127	0.029	0.014	0	0.064	0	0.032	0.048	
0	0	0	0	0	0.086	0.031	0.061	0	0.061	0	0	0	0.113	0.015	0.068	0	0.064	0.021	0.04	0	0	0.081	0.077	0	0	0	0	0.077	0	0.076	0	0	0.033	0	0	0	0	0	0.033	0	0.019	0.11	0.06	0.087	0.049	0	0.097	0	0	0	0.084	0.081	0.032	0	0	0.11	0	0.043	0	0	0.055	0.075	0	0.09	0.048	0	0	0	0	0.043	0.024	0	0	0.055	0	0	0	0.088	0	0	0	0.099	0.039	0.043	0	0	0	0.086	0.088	0	0	0.12	0.026	0.01	0	0.057	0	0.035	0.056	
0	0	0	0	0	0.082	0.034	0.068	0	0.071	0	0	0	0.12	0.022	0.097	0	0.061	0.032	0.035	0	0	0.067	0.055	0	0	0	0	0.08	0	0.056	0	0	0.038	0	0	0	0	0	0.046	0	0.021	0.111	0.051	0.086	0.039	0	0.087	0	0	0	0.075	0.109	0.039	0	0	0.12	0	0.043	0	0	0.056	0.072	0	0.096	0.035	0	0	0	0	0.058	0.041	0	0	0.05	0	0	0	0.102	0	0	0	0.066	0.041	0.031	0	0	0	0.109	0.096	0	0	0.108	0.029	0.004	0	0.047	0	0.042	0.06	
0	0	0	0	0	0.085	0.02	0.092	0	0.081	0	0	0	0.112	0.036	0.101	0	0.071	0.025	0.052	0	0	0.057	0.048	0	0	0	0	0.05	0	0.059	0	0	0.036	0	0	0	0	0	0.032	0	0.035	0.101	0.054	0.105	0.055	0	0.081	0	0	0	0.071	0.103	0.037	0	0	0.13	0	0.046	0	0	0.067	0.08	0	0.074	0.047	0	0	0	0	0.056	0.038	0	0	0.056	0	0	0	0.108	0	0	0	0.091	0.07	0.018	0	0	0	0.088	0.094	0	0	0.098	0.033	0.007	0	0.055	0	0.057	0.058	
0	0	0	0	0	0.089	0.024	0.064	0	0.07	0	0	0	0.13	0.044	0.108	0	0.077	0.04	0.039	0	0	0.053	0.044	0	0	0	0	0.094	0	0.079	0	0	0.049	0	0	0	0	0	0.024	0	0.028	0.135	0.056	0.11	0.057	0	0.077	0	0	0	0.064	0.12	0.044	0	0	0.12	0	0.053	0	0	0.092	0.081	0	0.079	0.061	0	0	0	0	0.048	0.043	0	0	0.05	0	0	0	0.117	0	0	0	0.096	0.052	0.022	0	0	0	0.08	0.092	0	0	0.071	0.039	0.005	0	0.059	0	0.05	0.05	
0	0	0	0	0	0.108	0.038	0.052	0	0.082	0	0	0	0.126	0.055	0.095	0	0.072	0.025	0.043	0	0	0.05	0.056	0	0	0	0	0.104	0	0.09	0	0	0.038	0	0	0	0	0	0.029	0	0.04	0.117	0.064	0.108	0.084	0	0.071	0	0	0	0.067	0.108	0.039	0	0	0.102	0	0.051	0	0	0.087	0.06	0	0.087	0.084	0	0	0	0	0.075	0.05	0	0	0.053	0	0	0	0.122	0	0	0	0.084	0.061	0.022	0	0	0	0.055	0.094	0	0	0.1	0.031	0.01	0	0.077	0	0.037	0.059	
0	0	0	0	0	0.113	0.039	0.052	0	0.095	0	0	0	0.11	0.066	0.116	0	0.096	0.02	0.051	0	0	0.033	0.034	0	0	0	0	0.095	0	0.082	0	0	0.055	0	0	0	0	0	0.023	0	0.04	0.149	0.061	0.105	0.066	0	0.057	0	0	0	0.062	0.1	0.051	0	0	0.127	0	0.049	0	0	0.067	0.036	0	0.079	0.086	0	0	0	0	0.097	0.036	0	0	0.05	0	0	0	0.107	0	0	0	0.06	0.071	0.023	0	0	0	0.072	0.115	0	0	0.088	0.049	0.02	0	0.084	0	0.026	0.047	
0	0	0	0	0	0.111	0.035	0.067	0	0.095	0	0	0	0.097	0.04	0.127	0	0.078	0.024	0.046	0	0	0.035	0.041	0	0	0	0	0.075	0	0.068	0	0	0.04	0	0	0	0	0	0.033	0	0.037	0.129	0.055	0.088	0.064	0	0.053	0	0	0	0.061	0.118	0.054	0	0	0.11	0	0.051	0	0	0.083	0.027	0	0.107	0.104	0	0	0	0	0.096	0.035	0	0	0.054	0	0	0	0.099	0	0	0	0.062	0.078	0.022	0	0	0	0.067	0.125	0	0	0.076	0.057	0.013	0	0.104	0	0.027	0.065	
0	0	0	0	0	0.073	0.025	0.054	0	0.097	0	0	0	0.055	0.063	0.119	0	0.088	0.02	0.053	0	0	0.022	0.047	0	0	0	0	0.078	0	0.075	0	0	0.041	0	0	0	0	0	0.039	0	0.036	0.079	0.083	0.075	0.066	0	0.058	0	0	0	0.071	0.11	0.048	0	0	0.091	0	0.039	0	0	0.097	0.037	0	0.121	0.102	0	0	0	0	0.119	0.046	0	0	0.055	0	0	0	0.086	0	0	0	0.089	0.083	0.019	0	0	0	0.073	0.115	0	0	0.085	0.053	0.015	0	0.069	0	0.031	0.063	
0	0	0	0	0	0.087	0.02	0.064	0	0.067	0	0	0	0.064	0.064	0.11	0	0.087	0.03	0.049	0	0	0.044	0.041	0	0	0	0	0.083	0	0.06	0	0	0.055	0	0	0	0	0	0.059	0	0.047	0.081	0.094	0.093	0.052	0	0.048	0	0	0	0.077	0.098	0.062	0	0	0.079	0	0.054	0	0	0.103	0.022	0	0.122	0.088	0	0	0	0	0.122	0.067	0	0	0.049	0	0	0	0.093	0	0	0	0.09	0.071	0.02	0	0	0	0.091	0.084	0	0	0.077	0.087	0.016	0	0.063	0	0.024	0.076	
0	0	0	0	0	0.098	0.014	0.039	0	0.083	0	0	0	0.045	0.068	0.13	0	0.069	0.032	0.059	0	0	0.043	0.034	0	0	0	0	0.109	0	0.075	0	0	0.053	0	0	0	0	0	0.049	0	0.046	0.084	0.076	0.095	0.063	0	0.063	0	0	0	0.06	0.115	0.054	0	0	0.072	0	0.055	0	0	0.079	0.019	0	0.114	0.085	0	0	0	0	0.108	0.093	0	0	0.027	0	0	0	0.091	0	0	0	0.071	0.047	0.033	0	0	0	0.096	0.107	0	0	0.068	0.081	0.017	0	0.063	0	0.022	0.069	
0	0	0	0	0	0.08	0.024	0.05	0	0.099	0	0	0	0.035	0.084	0.113	0	0.077	0.041	0.052	0	0	0.063	0.042	0	0	0	0	0.093	0	0.094	0	0	0.052	0	0	0	0	0	0.047	0	0.058	0.064	0.074	0.08	0.071	0	0.04	0	0	0	0.043	0.12	0.055	0	0	0.062	0	0.067	0	0	0.082	0.019	0	0.082	0.08	0	0	0	0	0.105	0.081	0	0	0.034	0	0	0	0.09	0	0	0	0.041	0.034	0.058	0	0	0	0.074	0.08	0	0	0.069	0.089	0.016	0	0.057	0	0.015	0.089	
0	0	0	0	0	0.072	0.032	0.043	0	0.094	0	0	0	0.038	0.086	0.11	0	0.088	0.05	0.047	0	0	0.056	0.05	0	0	0	0	0.079	0	0.096	0	0	0.071	0	0	0	0	0	0.077	0	0.045	0.089	0.059	0.105	0.055	0	0.061	0	0	0	0.028	0.112	0.07	0	0	0.045	0	0.044	0	0	0.078	0.013	0	0.111	0.073	0	0	0	0	0.116	0.087	0	0	0.033	0	0	0	0.08	0	0	0	0.043	0.054	0.065	0	0	0	0.05	0.056	0	0	0.082	0.071	0.017	0	0.068	0	0.024	0.102	
0	0	0	0	0	0.085	0.05	0.053	0	0.07	0	0	0	0.047	0.08	0.105	0	0.081	0.066	0.056	0	0	0.05	0.043	0	0	0	0	0.074	0	0.1	0	0	0.061	0	0	0	0	0	0.098	0	0.054	0.101	0.073	0.117	0.087	0	0.057	0	0	0	0.028	0.117	0.071	0	0	0.042	0	0.049	0	0	0.082	0.019	0	0.103	0.083	0	0	0	0	0.138	0.088	0	0	0.041	0	0	0	0.077	0	0	0	0.041	0.077	0.071	0	0	0	0.043	0.06	0	0	0.07	0.067	0.023	0	0.079	0	0.02	0.089	
0	0	0	0	0	0.077	0.058	0.049	0	0.047	0	0	0	0.048	0.101	0.086	0	0.076	0.06	0.058	0	0	0.051	0.046	0	0	0	0	0.071	0	0.072	0	0	0.07	0	0	0	0	0	0.081	0	0.051	0.081	0.085	0.116	0.099	0	0.05	0	0	0	0.028	0.131	0.067	0	0	0.054	0	0.038	0	0	0.092	0.026	0	0.099	0.065	0	0	0	0	0.143	0.097	0	0	0.043	0	0	0	0.088	0	0	0	0.046	0.051	0.067	0	0	0	0.043	0.063	0	0	0.059	0.067	0.024	0	0.076	0	0.018	0.094	
0	0	0	0	0	0.074	0.054	0.058	0	0.066	0	0	0	0.05	0.096	0.094	0	0.07	0.059	0.071	0	0	0.045	0.054	0	0	0	0	0.059	0	0.054	0	0	0.055	0	0	0	0	0	0.092	0	0.046	0.085	0.098	0.099	0.085	0	0.055	0	0	0	0.03	0.111	0.063	0	0	0.035	0	0.044	0	0	0.08	0.023	0	0.103	0.076	0	0	0	0	0.136	0.109	0	0	0.041	0	0	0	0.095	0	0	0	0.044	0.05	0.079	0	0	0	0.04	0.076	0	0	0.042	0.067	0.014	0	0.095	0	0.024	0.066	
0	0	0	0	0	0.062	0.064	0.061	0	0.043	0	0	0	0.045	0.08	0.1	0	0.064	0.075	0.06	0	0	0.048	0.058	0	0	0	0	0.077	0	0.051	0	0	0.057	0	0	0	0	0	0.099	0	0.046	0.086	0.08	0.097	0.102	0	0.041	0	0	0	0.035	0.111	0.066	0	0	0.041	0	0.061	0	0	0.067	0.03	0	0.107	0.065	0	0	0	0	0.126	0.108	0	0	0.041	0	0	0	0.112	0	0	0	0.056	0.057	0.068	0	0	0	0.044	0.104	0	0	0.052	0.073	0.022	0	0.103	0	0.031	0.077	
0	0	0	0	0	0.048	0.082	0.072	0	0.058	0	0	0	0.034	0.11	0.134	0	0.051	0.091	0.082	0	0	0.056	0.077	0	0	0	0	0.078	0	0.057	0	0	0.066	0	0	0	0	0	0.096	0	0.044	0.088	0.112	0.108	0.105	0	0.039	0	0	0	0.042	0.082	0.066	0	0	0.051	0	0.078	0	0	0.086	0.038	0	0.114	0.067	0	0	0	0	0.092	0.093	0	0	0.027	0	0	0	0.118	0	0	0	0.048	0.059	0.065	0	0	0	0.04	0.118	0	0	0.075	0.077	0.008	0	0.096	0	0.04	0.071	
0	0	0	0	0	0.038	0.09	0.075	0	0.083	0	0	0	0.049	0.108	0.14	0	0.05	0.094	0.095	0	0	0.069	0.076	0	0	0	0	0.091	0	0.072	0	0	0.072	0	0	0	0	0	0.123	0	0.041	0.093	0.118	0.092	0.107	0	0.053	0	0	0	0.058	0.079	0.067	0	0	0.053	0	0.052	0	0	0.093	0.039	0	0.116	0.065	0	0	0	0	0.091	0.102	0	0	0.036	0	0	0	0.123	0	0	0	0.065	0.072	0.096	0	0	0	0.038	0.117	0	0	0.062	0.082	0.008	0	0.093	0	0.042	0.092	
0	0	0	0	0	0.029	0.084	0.067	0	0.095	0	0	0	0.045	0.13	0.107	0	0.051	0.081	0.091	0	0	0.067	0.073	0	0	0	0	0.102	0	0.043	0	0	0.053	0	0	0	0	0	0.12	0	0.037	0.076	0.104	0.125	0.072	0	0.071	0	0	0	0.054	0.07	0.054	0	0	0.06	0	0.044	0	0	0.091	0.046	0	0.114	0.075	0	0	0	0	0.108	0.088	0	0	0.014	0	0	0	0.106	0	0	0	0.057	0.091	0.107	0	0	0	0.053	0.112	0	0	0.051	0.081	0.014	0	0.103	0	0.033	0.105	
0	0	0	0	0	0.014	0.085	0.058	0	0.075	0	0	0	0.038	0.115	0.112	0	0.047	0.069	0.088	0	0	0.067	0.088	0	0	0	0	0.109	0	0.056	0	0	0.035	0	0	0	0	0	0.113	0	0.025	0.096	0.104	0.079	0.082	0	0.06	0	0	0	0.069	0.07	0.055	0	0	0.056	0	0.046	0	0	0.083	0.04	0	0.113	0.088	0	0	0	0	0.11	0.069	0	0	0.024	0	0	0	0.096	0	0	0	0.057	0.093	0.133	0	0	0	0.051	0.116	0	0	0.062	0.077	0.012	0	0.104	0	0.019	0.102	
0	0	0	0	0	0.007	0.063	0.073	0	0.071	0	0	0	0.053	0.106	0.092	0	0.049	0.073	0.046	0	0	0.083	0.081	0	0	0	0	0.076	0	0.037	0	0	0.019	0	0	0	0	0	0.126	0	0.025	0.083	0.098	0.072	0.102	0	0.094	0	0	0	0.074	0.055	0.065	0	0	0.057	0	0.041	0	0	0.077	0.037	0	0.095	0.08	0	0	0	0	0.133	0.047	0	0	0.027	0	0	0	0.099	0	0	0	0.063	0.09	0.123	0	0	0	0.043	0.114	0	0	0.051	0.087	0.003	0	0.099	0	0.013	0.079	
0	0	0	0	0	0.002	0.061	0.072	0	0.083	0	0	0	0.028	0.089	0.106	0	0.059	0.066	0.048	0	0	0.073	0.091	0	0	0	0	0.086	0	0.028	0	0	0.012	0	0	0	0	0	0.122	0	0.025	0.116	0.102	0.082	0.088	0	0.086	0	0	0	0.071	0.061	0.044	0	0	0.066	0	0.042	0	0	0.079	0.035	0	0.065	0.082	0	0	0	0	0.129	0.061	0	0	0.03	0	0	0	0.096	0	0	0	0.077	0.08	0.129	0	0	0	0.071	0.133	0	0	0.052	0.088	0.013	0	0.074	0	0.003	0.077	
0	0	0	0	0	0.001	0.058	0.069	0	0.105	0	0	0	0.026	0.072	0.116	0	0.051	0.066	0.057	0	0	0.065	0.09	0	0	0	0	0.098	0	0.021	0	0	0.011	0	0	0	0	0	0.103	0	0.016	0.128	0.068	0.1	0.08	0	0.053	0	0	0	0.076	0.072	0.042	0	0	0.055	0	0.051	0	0	0.092	0.032	0	0.066	0.071	0	0	0	0	0.125	0.068	0	0	0.028	0	0	0	0.088	0	0	0	0.091	0.073	0.124	0	0	0	0.095	0.137	0	0	0.058	0.086	0.016	0	0.075	0	0.002	0.088	
0	0	0	0	0	0	0.071	0.064	0	0.124	0	0	0	0.033	0.064	0.118	0	0.061	0.064	0.078	0	0	0.061	0.092	0	0	0	0	0.103	0	0.023	0	0	0.013	0	0	0	0	0	0.115	0	0.021	0.104	0.062	0.081	0.074	0	0.05	0	0	0	0.073	0.069	0.032	0	0	0.059	0	0.059	0	0	0.104	0.051	0	0.054	0.061	0	0	0	0	0.132	0.061	0	0	0.039	0	0	0	0.099	0	0	0	0.104	0.102	0.131	0	0	0	0.097	0.101	0	0	0.072	0.086	0.019	0	0.103	0	0.002	0.084	
0	0	0	0	0	0	0.062	0.082	0	0.124	0	0	0	0.022	0.076	0.157	0	0.035	0.062	0.066	0	0	0.042	0.118	0	0	0	0	0.08	0	0.024	0	0	0.004	0	0	0	0	0	0.094	0	0.007	0.113	0.061	0.061	0.09	0	0.058	0	0	0	0.068	0.062	0.024	0	0	0.062	0	0.054	0	0	0.096	0.058	0	0.039	0.061	0	0	0	0	0.116	0.066	0	0	0.054	0	0	0	0.083	0	0	0	0.097	0.079	0.112	0	0	0	0.101	0.11	0	0	0.068	0.092	0.018	0	0.079	0	0	0.074	
0	0	0	0	0	0	0.075	0.084	0	0.12	0	0	0	0.03	0.098	0.122	0	0.044	0.091	0.052	0	0	0.017	0.102	0	0	0	0	0.071	0	0.012	0	0	0.004	0	0	0	0	0	0.093	0	0.006	0.097	0.084	0.063	0.082	0	0.049	0	0	0	0.065	0.066	0.027	0	0	0.057	0	0.077	0	0	0.112	0.048	0	0.028	0.07	0	0	0	0	0.117	0.078	0	0	0.059	0	0	0	0.086	0	0	0	0.089	0.085	0.091	0	0	0	0.09	0.104	0	0	0.072	0.11	0.01	0	0.087	0	0	0.084	
0	0	0	0	0	0	0.072	0.063	0	0.115	0	0	0	0.036	0.086	0.097	0	0.062	0.035	0.072	0	0	0.015	0.113	0	0	0	0	0.093	0	0.011	0	0	0.008	0	0	0	0	0	0.102	0	0.001	0.109	0.085	0.053	0.066	0	0.039	0	0	0	0.08	0.068	0.041	0	0	0.057	0	0.067	0	0	0.094	0.061	0	0.035	0.068	0	0	0	0	0.144	0.089	0	0	0.072	0	0	0	0.083	0	0	0	0.066	0.075	0.075	0	0	0	0.1	0.084	0	0	0.076	0.093	0.018	0	0.107	0	0	0.088	
0	0	0	0	0	0	0.066	0.056	0	0.155	0	0	0	0.042	0.082	0.094	0	0.073	0.019	0.08	0	0	0.018	0.098	0	0	0	0	0.087	0	0.008	0	0	0.005	0	0	0	0	0	0.117	0	0.002	0.142	0.075	0.058	0.045	0	0.056	0	0	0	0.088	0.07	0.05	0	0	0.046	0	0.091	0	0	0.111	0.085	0	0.022	0.063	0	0	0	0	0.184	0.086	0	0	0.066	0	0	0	0.062	0	0	0	0.07	0.088	0.081	0	0	0	0.079	0.094	0	0	0.078	0.084	0.02	0	0.101	0	0	0.068	
0	0	0	0	0	0	0.063	0.063	0	0.16	0	0	0	0.041	0.089	0.067	0	0.055	0.014	0.076	0	0	0.024	0.086	0	0	0	0	0.092	0	0.009	0	0	0.007	0	0	0	0	0	0.072	0	0.004	0.155	0.068	0.081	0.04	0	0.062	0	0	0	0.095	0.076	0.045	0	0	0.035	0	0.074	0	0	0.118	0.104	0	0.015	0.041	0	0	0	0	0.152	0.115	0	0	0.049	0	0	0	0.064	0	0	0	0.047	0.092	0.085	0	0	0	0.058	0.091	0	0	0.087	0.108	0.017	0	0.119	0	0	0.063	
0	0	0	0	0	0	0.051	0.081	0	0.16	0	0	0	0.041	0.075	0.082	0	0.063	0.022	0.042	0	0	0.028	0.097	0	0	0	0	0.095	0	0.01	0	0	0.006	0	0	0	0	0	0.082	0	0.005	0.13	0.075	0.082	0.039	0	0.083	0	0	0	0.104	0.063	0.046	0	0	0.026	0	0.066	0	0	0.099	0.093	0	0.021	0.03	0	0	0	0	0.13	0.098	0	0	0.066	0	0	0	0.058	0	0	0	0.055	0.062	0.091	0	0	0	0.067	0.078	0	0	0.069	0.12	0.021	0	0.11	0	0	0.058	
0	0	0	0	0	0	0.054	0.077	0	0.145	0	0	0	0.043	0.064	0.072	0	0.06	0.022	0.052	0	0	0.042	0.073	0	0	0	0	0.087	0	0.003	0	0	0.007	0	0	0	0	0	0.076	0	0.009	0.101	0.071	0.084	0.047	0	0.092	0	0	0	0.116	0.09	0.058	0	0	0.025	0	0.062	0	0	0.077	0.119	0	0.028	0.057	0	0	0	0	0.11	0.097	0	0	0.063	0	0	0	0.066	0	0	0	0.057	0.07	0.093	0	0	0	0.071	0.08	0	0	0.064	0.102	0.018	0	0.112	0	0	0.056	
0	0	0	0	0	0	0.061	0.055	0	0.16	0	0	0	0.039	0.043	0.065	0	0.074	0.018	0.059	0	0	0.052	0.042	0	0	0	0	0.087	0	0.008	0	0	0.006	0	0	0	0	0	0.071	0	0.012	0.131	0.083	0.078	0.047	0	0.103	0	0	0	0.104	0.07	0.065	0	0	0.031	0	0.06	0	0	0.072	0.102	0	0.028	0.045	0	0	0	0	0.098	0.096	0	0	0.073	0	0	0	0.064	0	0	0	0.059	0.062	0.1	0	0	0	0.071	0.099	0	0	0.041	0.098	0.025	0	0.097	0	0	0.061	
0	0	0	0	0	0	0.049	0.043	0	0.137	0	0	0	0.056	0.036	0.089	0	0.09	0.021	0.056	0	0	0.034	0.032	0	0	0	0	0.079	0	0.005	0	0	0.014	0	0	0	0	0	0.079	0	0.01	0.123	0.076	0.08	0.052	0	0.09	0	0	0	0.086	0.066	0.052	0	0	0.032	0	0.073	0	0	0.088	0.104	0	0.042	0.059	0	0	0	0	0.077	0.088	0	0	0.081	0	0	0	0.056	0	0	0	0.073	0.056	0.112	0	0	0	0.062	0.095	0	0	0.042	0.116	0.026	0	0.127	0	0	0.061	
0	0	0	0	0	0	0.074	0.039	0	0.117	0	0	0	0.076	0.034	0.077	0	0.091	0.023	0.042	0	0	0.042	0.037	0	0	0	0	0.079	0	0.004	0	0	0.035	0	0	0	0	0	0.078	0	0.019	0.137	0.062	0.091	0.07	0	0.104	0	0	0	0.069	0.068	0.034	0	0	0.044	0	0.08	0	0	0.086	0.112	0	0.044	0.081	0	0	0	0	0.1	0.091	0	0	0.064	0	0	0	0.039	0	0	0	0.07	0.063	0.137	0	0	0	0.048	0.09	0	0	0.038	0.105	0.03	0	0.13	0	0	0.091	
0	0	0	0	0	0	0.08	0.055	0	0.131	0	0	0	0.065	0.023	0.065	0	0.093	0.034	0.066	0	0	0.037	0.016	0	0	0	0	0.085	0	0	0	0	0.035	0	0	0	0	0	0.071	0	0.014	0.131	0.076	0.073	0.077	0	0.071	0	0	0	0.068	0.086	0.039	0	0	0.044	0	0.07	0	0	0.083	0.108	0	0.047	0.072	0	0	0	0	0.085	0.101	0	0	0.07	0	0	0	0.045	0	0	0	0.066	0.098	0.128	0	0	0	0.046	0.095	0	0	0.039	0.094	0.022	0	0.099	0	0	0.123	
0	0	0	0	0	0	0.081	0.069	0	0.096	0	0	0	0.087	0.035	0.06	0	0.104	0.034	0.064	0	0	0.04	0.017	0	0	0	0	0.07	0	0	0	0	0.048	0	0	0	0	0	0.062	0	0.028	0.143	0.088	0.066	0.083	0	0.068	0	0	0	0.061	0.102	0.037	0	0	0.049	0	0.05	0	0	0.092	0.113	0	0.024	0.056	0	0	0	0	0.07	0.105	0	0	0.073	0	0	0	0.059	0	0	0	0.047	0.09	0.122	0	0	0	0.039	0.105	0	0	0.041	0.112	0.022	0	0.076	0	0	0.127	
0	0	0	0	0	0	0.074	0.06	0	0.081	0	0	0	0.11	0.028	0.066	0	0.115	0.029	0.062	0	0	0.039	0.014	0	0	0	0	0.076	0	0	0	0	0.043	0	0	0	0	0	0.062	0	0.04	0.116	0.056	0.053	0.067	0	0.062	0	0	0	0.059	0.111	0.051	0	0	0.059	0	0.061	0	0	0.079	0.11	0	0.033	0.052	0	0	0	0	0.071	0.112	0	0	0.061	0	0	0	0.067	0	0	0	0.037	0.091	0.14	0	0	0	0.053	0.081	0	0	0.031	0.075	0.021	0	0.058	0	0	0.11	
0	0	0	0	0	0	0.07	0.06	0	0.092	0	0	0	0.117	0.026	0.077	0	0.123	0.04	0.071	0	0	0.043	0.025	0	0	0	0	0.064	0	0	0	0	0.039	0	0	0	0	0	0.05	0	0.031	0.129	0.064	0.066	0.053	0	0.057	0	0	0	0.055	0.122	0.039	0	0	0.072	0	0.073	0	0	0.082	0.113	0	0.019	0.057	0	0	0	0	0.083	0.125	0	0	0.072	0	0	0	0.061	0	0	0	0.05	0.095	0.107	0	0	0	0.053	0.092	0	0	0.034	0.066	0.039	0	0.055	0	0	0.115	
0	0	0	0	0	0	0.064	0.045	0	0.085	0	0	0	0.126	0.027	0.087	0	0.124	0.041	0.068	0	0	0.037	0.031	0	0	0	0	0.066	0	0	0	0	0.031	0	0	0	0	0	0.038	0	0.032	0.102	0.064	0.053	0.068	0	0.075	0	0	0	0.061	0.136	0.029	0	0	0.074	0	0.068	0	0	0.081	0.092	0	0.016	0.072	0	0	0	0	0.098	0.111	0	0	0.068	0	0	0	0.062	0	0	0	0.048	0.101	0.109	0	0	0	0.042	0.083	0	0	0.049	0.07	0.046	0	0.082	0	0	0.11	
0	0	0	0	0	0	0.054	0.032	0	0.071	0	0	0	0.11	0.028	0.058	0	0.103	0.045	0.055	0	0	0.048	0.041	0	0	0	0	0.054	0	0	0	0	0.021	0	0	0	0	0	0.054	0	0.036	0.124	0.08	0.053	0.079	0	0.082	0	0	0	0.065	0.101	0.034	0	0	0.053	0	0.071	0	0	0.074	0.08	0	0.028	0.071	0	0	0	0	0.076	0.113	0	0	0.06	0	0	0	0.058	0	0	0	0.041	0.077	0.095	0	0	0	0.035	0.103	0	0	0.064	0.05	0.057	0	0.097	0	0	0.122	
0	0	0	0	0	0	0.061	0.032	0	0.074	0	0	0	0.124	0.035	0.048	0	0.081	0.048	0.076	0	0	0.053	0.051	0	0	0	0	0.062	0	0	0	0	0.031	0	0	0	0	0	0.053	0	0.05	0.113	0.064	0.075	0.109	0	0.066	0	0	0	0.06	0.088	0.058	0	0	0.059	0	0.091	0	0	0.094	0.074	0	0.044	0.089	0	0	0	0	0.077	0.102	0	0	0.061	0	0	0	0.056	0	0	0	0.037	0.087	0.08	0	0	0	0.033	0.094	0	0	0.066	0.053	0.048	0	0.083	0	0	0.135	
0	0	0	0	0	0	0.058	0.053	0	0.067	0	0	0	0.103	0.03	0.044	0	0.085	0.047	0.08	0	0	0.047	0.073	0	0	0	0	0.07	0	0	0	0	0.035	0	0	0	0	0	0.063	0	0.053	0.116	0.079	0.042	0.115	0	0.1	0	0	0	0.073	0.075	0.075	0	0	0.046	0	0.085	0	0	0.109	0.055	0	0.039	0.109	0	0	0	0	0.093	0.098	0	0	0.069	0	0	0	0.057	0	0	0	0.035	0.107	0.065	0	0	0	0.037	0.096	0	0	0.066	0.044	0.054	0	0.096	0	0	0.12	
0	0	0	0	0	0	0.025	0.06	0	0.094	0	0	0	0.106	0.03	0.033	0	0.077	0.05	0.078	0	0	0.064	0.083	0	0	0	0	0.083	0	0	0	0	0.031	0	0	0	0	0	0.053	0	0.061	0.128	0.091	0.062	0.103	0	0.072	0	0	0	0.059	0.081	0.075	0	0	0.048	0	0.087	0	0	0.111	0.043	0	0.032	0.111	0	0	0	0	0.086	0.092	0	0	0.089	0	0	0	0.039	0	0	0	0.049	0.09	0.07	0	0	0	0.044	0.086	0	0	0.068	0.042	0.044	0	0.108	0	0	0.135	
0	0	0	0	0	0	0.021	0.061	0	0.067	0	0	0	0.124	0.029	0.061	0	0.082	0.061	0.09	0	0	0.079	0.085	0	0	0	0	0.105	0	0	0	0	0.025	0	0	0	0	0	0.039	0	0.051	0.112	0.069	0.075	0.102	0	0.081	0	0	0	0.065	0.091	0.072	0	0	0.07	0	0.075	0	0	0.084	0.041	0	0.045	0.095	0	0	0	0	0.101	0.089	0	0	0.098	0	0	0	0.053	0	0	0	0.061	0.075	0.059	0	0	0	0.036	0.093	0	0	0.074	0.044	0.061	0	0.105	0	0	0.112	
0	0	0	0	0	0	0.02	0.045	0	0.054	0	0	0	0.119	0.04	0.061	0	0.079	0.071	0.083	0	0	0.097	0.082	0	0	0	0	0.099	0	0	0	0	0.034	0	0	0	0	0	0.039	0	0.039	0.092	0.06	0.082	0.104	0	0.066	0	0	0	0.052	0.067	0.08	0	0	0.078	0	0.099	0	0	0.097	0.033	0	0.055	0.078	0	0	0	0	0.073	0.081	0	0	0.116	0	0	0	0.049	0	0	0	0.051	0.096	0.048	0	0	0	0.019	0.09	0	0	0.048	0.045	0.057	0	0.105	0	0	0.077	
0	0	0	0	0	0	0.023	0.044	0	0.051	0	0	0	0.12	0.037	0.051	0	0.089	0.044	0.083	0	0	0.068	0.089	0	0	0	0	0.095	0	0	0	0	0.047	0	0	0	0	0	0.039	0	0.053	0.098	0.047	0.075	0.076	0	0.042	0	0	0	0.068	0.071	0.082	0	0	0.069	0	0.106	0	0	0.086	0.036	0	0.049	0.08	0	0	0	0	0.08	0.061	0	0	0.098	0	0	0	0.048	0	0	0	0.041	0.089	0.045	0	0	0	0.006	0.07	0	0	0.046	0.039	0.061	0	0.111	0	0	0.086	
0	0	0	0	0	0	0.021	0.059	0	0.055	0	0	0	0.138	0.057	0.053	0	0.105	0.058	0.106	0	0	0.06	0.08	0	0	0	0	0.072	0	0	0	0	0.059	0	0	0	0	0	0.042	0	0.058	0.085	0.044	0.09	0.077	0	0.03	0	0	0	0.064	0.08	0.075	0	0	0.068	0	0.094	0	0	0.087	0.035	0	0.038	0.08	0	0	0	0	0.064	0.071	0	0	0.079	0	0	0	0.048	0	0	0	0.034	0.077	0.043	0	0	0	0.005	0.06	0	0	0.032	0.041	0.045	0	0.096	0	0	0.105	
0	0	0	0	0	0	0.007	0.041	0	0.064	0	0	0	0.158	0.055	0.061	0	0.098	0.055	0.08	0	0	0.061	0.09	0	0	0	0	0.092	0	0	0	0	0.051	0	0	0	0	0	0.05	0	0.061	0.076	0.055	0.088	0.055	0	0.026	0	0	0	0.088	0.078	0.091	0	0	0.073	0	0.077	0	0	0.087	0.031	0	0.046	0.07	0	0	0	0	0.081	0.083	0	0	0.103	0	0	0	0.05	0	0	0	0.037	0.078	0.042	0	0	0	0.003	0.056	0	0	0.038	0.042	0.047	0	0.091	0	0	0.083	
0	0	0	0	0	0	0.011	0.026	0	0.066	0	0	0	0.15	0.071	0.065	0	0.077	0.083	0.085	0	0	0.069	0.071	0	0	0	0	0.082	0	0	0	0	0.051	0	0	0	0	0	0.053	0	0.072	0.049	0.074	0.084	0.057	0	0.026	0	0	0	0.074	0.065	0.091	0	0	0.054	0	0.098	0	0	0.099	0.028	0	0.057	0.059	0	0	0	0	0.105	0.089	0	0	0.126	0	0	0	0.065	0	0	0	0.037	0.056	0.041	0	0	0	0.009	0.074	0	0	0.048	0.025	0.05	0	0.104	0	0	0.077	
0	0	0	0	0	0	0.019	0.027	0	0.081	0	0	0	0.086	0.096	0.064	0	0.078	0.096	0.076	0	0	0.075	0.083	0	0	0	0	0.061	0	0	0	0	0.031	0	0	0	0	0	0.04	0	0.071	0.05	0.085	0.054	0.04	0	0.032	0	0	0	0.064	0.062	0.099	0	0	0.076	0	0.104	0	0	0.072	0.038	0	0.045	0.06	0	0	0	0	0.13	0.063	0	0	0.085	0	0	0	0.056	0	0	0	0.056	0.048	0.048	0	0	0	0.011	0.057	0	0	0.041	0.021	0.05	0	0.08	0	0	0.052	
0	0	0	0	0	0	0.018	0.027	0	0.09	0	0	0	0.082	0.094	0.048	0	0.062	0.099	0.068	0	0	0.077	0.092	0	0	0	0	0.079	0	0	0	0	0.034	0	0	0	0	0	0.053	0	0.078	0.036	0.072	0.054	0.048	0	0.027	0	0	0	0.065	0.048	0.087	0	0	0.077	0	0.096	0	0	0.073	0.05	0	0.034	0.068	0	0	0	0	0.141	0.085	0	0	0.105	0	0	0	0.049	0	0	0	0.065	0.053	0.064	0	0	0	0.02	0.078	0	0	0.041	0.036	0.032	0	0.091	0	0	0.048	
0	0	0	0	0	0	0.017	0.037	0	0.089	0	0	0	0.061	0.097	0.036	0	0.069	0.082	0.077	0	0	0.073	0.1	0	0	0	0	0.091	0	0	0	0	0.032	0	0	0	0	0	0.053	0	0.069	0.033	0.084	0.075	0.028	0	0.038	0	0	0	0.07	0.051	0.122	0	0	0.078	0	0.068	0	0	0.052	0.063	0	0.026	0.08	0	0	0	0	0.15	0.089	0	0	0.091	0	0	0	0.039	0	0	0	0.059	0.04	0.061	0	0	0	0.03	0.093	0	0	0.047	0.036	0.023	0	0.091	0	0	0.054	
0	0	0	0	0	0	0.023	0.029	0	0.1	0	0	0	0.065	0.086	0.04	0	0.062	0.076	0.057	0	0	0.083	0.074	0	0	0	0	0.095	0	0	0	0	0.039	0	0	0	0	0	0.073	0	0.076	0.044	0.102	0.06	0.028	0	0.036	0	0	0	0.062	0.057	0.112	0	0	0.066	0	0.056	0	0	0.047	0.059	0	0.034	0.083	0	0	0	0	0.156	0.079	0	0	0.092	0	0	0	0.046	0	0	0	0.054	0.041	0.063	0	0	0	0.03	0.08	0	0	0.041	0.038	0.016	0	0.108	0	0	0.048	
0	0	0	0	0	0	0.02	0.048	0	0.095	0	0	0	0.054	0.106	0.033	0	0.048	0.102	0.063	0	0	0.086	0.092	0	0	0	0	0.081	0	0	0	0	0.043	0	0	0	0	0	0.042	0	0.086	0.046	0.099	0.043	0.033	0	0.047	0	0	0	0.068	0.059	0.09	0	0	0.046	0	0.069	0	0	0.078	0.077	0	0.037	0.115	0	0	0	0	0.124	0.082	0	0	0.12	0	0	0	0.059	0	0	0	0.052	0.047	0.067	0	0	0	0.013	0.073	0	0	0.054	0.04	0.015	0	0.087	0	0	0.064	
0	0	0	0	0	0	0.013	0.06	0	0.088	0	0	0	0.06	0.093	0.043	0	0.065	0.096	0.064	0	0	0.078	0.095	0	0	0	0	0.084	0	0	0	0	0.047	0	0	0	0	0	0.051	0	0.097	0.044	0.086	0.038	0.031	0	0.035	0	0	0	0.079	0.044	0.096	0	0	0.064	0	0.066	0	0	0.074	0.076	0	0.044	0.098	0	0	0	0	0.115	0.077	0	0	0.126	0	0	0	0.042	0	0	0	0.069	0.063	0.056	0	0	0	0.015	0.076	0	0	0.05	0.061	0.021	0	0.088	0	0	0.068	
0	0	0	0	0	0	0.013	0.083	0	0.084	0	0	0	0.059	0.085	0.07	0	0.066	0.097	0.057	0	0	0.079	0.086	0	0	0	0	0.081	0	0	0	0	0.05	0	0	0	0	0	0.057	0	0.097	0.058	0.067	0.043	0.039	0	0.024	0	0	0	0.09	0.052	0.093	0	0	0.042	0	0.055	0	0	0.082	0.066	0	0.047	0.079	0	0	0	0	0.115	0.081	0	0	0.133	0	0	0	0.04	0	0	0	0.055	0.039	0.056	0	0	0	0.012	0.072	0	0	0.055	0.08	0.037	0	0.083	0	0	0.085	
0	0	0	0	0	0	0.011	0.067	0	0.083	0	0	0	0.075	0.083	0.08	0	0.076	0.115	0.084	0	0	0.068	0.095	0	0	0	0	0.089	0	0	0	0	0.087	0	0	0	0	0	0.069	0	0.091	0.066	0.07	0.047	0.055	0	0.021	0	0	0	0.077	0.053	0.089	0	0	0.029	0	0.07	0	0	0.083	0.07	0	0.039	0.084	0	0	0	0	0.103	0.083	0	0	0.146	0	0	0	0.034	0	0	0	0.059	0.039	0.07	0	0	0	0.017	0.06	0	0	0.077	0.091	0.051	0	0.091	0	0	0.092	
