0.1
0.12062
0.15002
0.1823
0.21794
0.25759
0.29815
0.33905
0.38013
0.41994
0.45852
0.49425
0.52815
0.55977
0.58753
0.61317
0.63736
0.65863
0.67638
0.69283
0.70755
0.72035
0.73118
0.7413
0.74897
0.75447
0.76086
0.76611
0.77082
0.77487
0.77739
0.7801
0.78138
0.78349
0.78536
0.78766
0.78815
0.78948
0.79038
0.79017
0.79043
0.79023
0.79044
0.79102
0.79054
0.79013
0.78957
0.79023
0.79068
0.79113
0.79223
0.79214
0.79096
0.79054
0.78946
0.7899
0.79013
0.78994
0.79
0.79153
0.79201
0.79266
0.79232
0.79334
0.79321
0.79314
0.79233
0.79039
0.79162
0.7917
0.7926
0.79154
0.79288
0.79249
0.79366
0.79315
0.79227
0.79278
0.79227
0.79251
0.79203
0.79104
0.79044
0.79193
0.79145
0.79225
0.79268
0.7928
0.79261
0.79275
0.79348
0.79385
0.7938
0.79313
0.79412
0.79375
0.79378
0.79397
0.79377
0.79382
0.79296

