0.01
0.01
0.01
0.01
0.01
0.01
0.01
0.01
0.01
0.01
0.01
0.01
0.01
0.01
0.01
0.01
0.01
0.01
0.01
0.01
0.01
0.01
0.01
0.01
0.01
0.884355
0.884355
0.884355
0.884355
0.884355
0.884355
0.884355
0.884355
0.884355
0.884355
0.884355
0.884355
0.884355
0.884355
0.884355
0.884355
0.884355
0.884355
0.884355
0.884355
0.884355
0.884355
0.884355
0.884355
0.884355
0.36257
0.36257
0.36257
0.36257
0.36257
0.36257
0.36257
0.36257
0.36257
0.36257
0.36257
0.36257
0.36257
0.36257
0.36257
0.36257
0.36257
0.36257
0.36257
0.36257
0.36257
0.36257
0.36257
0.36257
0.36257
0.738895
0.738895
0.738895
0.738895
0.738895
0.738895
0.738895
0.738895
0.738895
0.738895
0.738895
0.738895
0.738895
0.738895
0.738895
0.738895
0.738895
0.738895
0.738895
0.738895
0.738895
0.738895
0.738895
0.738895
0.738895
0.469215

