0.000872524
0.000872524
0.00157054
0.00209406
0.00331559
0.00706745
0.0143966
0.0309746
0.0573248
0.0839368
0.106971
0.130093
0.154611
0.175203
0.197016
0.215426
0.233836
0.253294
0.271093
0.287235
0.303551
0.321263
0.336184
0.351802
0.365675
0.37632
0.389059
0.40171
0.413315
0.426228
0.436349
0.449088
0.459733
0.469418
0.477707
0.485298
0.490446
0.500654
0.505104
0.513131
0.51793
0.523166
0.527615
0.532065
0.538784
0.544368
0.550825
0.557107
0.563651
0.566094
0.570631
0.576913
0.57988
0.583021
0.585638
0.587732
0.590699
0.588518
0.592095
0.592793
0.592182
0.595498
0.59925
0.60178
0.60623
0.60719
0.607364
0.6078
0.610069
0.610592
0.611814
0.61513
0.620888
0.619928
0.620626
0.622721
0.625251
0.625338
0.625164
0.625862
0.627781
0.628654
0.63005
0.630922
0.630573
0.63162
0.633976
0.633278
0.634674
0.633627
0.6345
0.634936
0.632842
0.631708
0.634063
0.633365
0.632231
0.634063
0.633976
0.6345
0.634674

