0.01
0.01157
0.01479
0.02011
0.02599
0.03221
0.03995
0.04926
0.0594
0.06771
0.07651
0.08488
0.09341
0.1016
0.10811
0.11361
0.11991
0.12358
0.12566
0.12769
0.1296
0.13187
0.13263
0.13151
0.13199
0.13215
0.13387
0.13257
0.13169
0.13251
0.13112
0.13273
0.13221
0.1332
0.13215
0.13321
0.13376
0.13534
0.13398
0.13309
0.13217
0.13348
0.13437
0.13405
0.13475
0.13361
0.1342
0.13414
0.1345
0.13455
0.13333
0.13074
0.13097
0.13308
0.1328
0.13035
0.13001
0.1328
0.13374
0.13315
0.13453
0.1349
0.13422
0.13326
0.13303
0.13567
0.13566
0.13392
0.13339
0.13256
0.13354
0.13419
0.13318
0.13182
0.13076
0.13198
0.13163
0.13215
0.13338
0.13416
0.13477
0.13616
0.13597
0.13582
0.13597
0.1362
0.13875
0.13745
0.13498
0.1361
0.13632
0.13726
0.13862
0.13567
0.13312
0.13318
0.13189
0.13103
0.13157
0.13
0.13081

