0.01	0.01	0.01	0.01	0.01	0.01	0.01	0.01	0.01	0.01	0.01	0.01	0.01	0.01	0.01	0.01	0.01	0.01	0.01	0.01	0.01	0.01	0.01	0.01	0.01	0.01	0.01	0.01	0.01	0.01	0.01	0.01	0.01	0.01	0.01	0.01	0.01	0.01	0.01	0.01	0.01	0.01	0.01	0.01	0.01	0.01	0.01	0.01	0.01	0.01	0.01	0.01	0.01	0.01	0.01	0.01	0.01	0.01	0.01	0.01	0.01	0.01	0.01	0.01	0.01	0.01	0.01	0.01	0.01	0.01	0.01	0.01	0.01	0.01	0.01	0.01	0.01	0.01	0.01	0.01	0.01	0.01	0.01	0.01	0.01	0.01	0.01	0.01	0.01	0.01	0.01	0.01	0.01	0.01	0.01	0.01	0.01	0.01	0.01	0.01	
0.011	0.014	0.009	0.01	0.015	0.011	0.009	0.018	0.004	0.008	0.008	0.01	0.012	0.011	0.008	0.012	0.019	0.007	0.007	0.015	0.009	0.012	0.008	0.014	0.009	0.016	0.022	0.009	0.015	0.01	0.002	0.014	0.014	0.015	0.01	0.012	0.011	0.016	0.011	0.019	0.01	0.007	0.016	0.006	0.008	0.007	0.015	0.005	0.009	0.008	0.011	0.017	0.011	0.007	0.013	0.016	0.01	0.005	0.022	0.01	0.008	0.011	0.01	0.017	0.011	0.015	0.014	0.015	0.008	0.012	0.011	0.007	0.009	0.006	0.005	0.017	0.023	0.01	0.017	0.014	0.018	0.011	0.014	0.008	0.011	0.009	0.014	0.015	0.013	0.014	0.014	0.011	0.01	0.008	0.021	0.007	0.013	0.005	0.011	0.011	
0.011	0.019	0.021	0.011	0.019	0.006	0.015	0.019	0.003	0.007	0.005	0.006	0.017	0.021	0.014	0.013	0.03	0.013	0.016	0.02	0.01	0.02	0.012	0.012	0.013	0.019	0.024	0.013	0.011	0.01	0.01	0.01	0.02	0.02	0.009	0.012	0.015	0.016	0.007	0.028	0.021	0.011	0.015	0.011	0.009	0.006	0.015	0.008	0.008	0.006	0.02	0.022	0.015	0.014	0.026	0.03	0.013	0.006	0.029	0.006	0.01	0.012	0.01	0.025	0.011	0.032	0.014	0.017	0.013	0.016	0.015	0.003	0.01	0.002	0.004	0.019	0.018	0.01	0.024	0.03	0.017	0.012	0.009	0.012	0.015	0.02	0.013	0.034	0.012	0.021	0.017	0.013	0.012	0.023	0.021	0.008	0.017	0.005	0.017	0.018	
0.017	0.026	0.039	0.009	0.035	0.017	0.015	0.021	0.001	0.006	0.005	0.008	0.014	0.037	0.021	0.028	0.055	0.018	0.019	0.03	0.013	0.039	0.016	0.013	0.016	0.029	0.031	0.022	0.017	0.009	0.015	0.011	0.027	0.024	0.017	0.014	0.014	0.025	0.004	0.036	0.033	0.014	0.018	0.015	0.014	0.007	0.017	0.003	0.002	0.01	0.021	0.023	0.016	0.032	0.035	0.039	0.016	0.013	0.037	0.006	0.013	0.012	0.017	0.036	0.015	0.059	0.025	0.035	0.016	0.019	0.016	0.004	0.013	0	0.001	0.026	0.033	0.005	0.026	0.031	0.02	0.006	0.007	0.015	0.027	0.031	0.02	0.054	0.019	0.024	0.022	0.021	0.016	0.035	0.031	0.003	0.021	0.01	0.018	0.025	
0.029	0.027	0.031	0.005	0.041	0.02	0.019	0.035	0.003	0.008	0.014	0.012	0.01	0.053	0.019	0.032	0.062	0.024	0.026	0.05	0.02	0.032	0.015	0.019	0.021	0.03	0.049	0.037	0.017	0.012	0.022	0.014	0.031	0.024	0.023	0.015	0.028	0.023	0.004	0.044	0.047	0.025	0.026	0.018	0.013	0.005	0.022	0.004	0.001	0.012	0.017	0.026	0.02	0.061	0.058	0.051	0.015	0.027	0.032	0.007	0.012	0.023	0.025	0.049	0.015	0.086	0.046	0.041	0.028	0.018	0.023	0.006	0.018	0	0.004	0.039	0.047	0.013	0.042	0.042	0.026	0.014	0.006	0.018	0.044	0.048	0.031	0.051	0.024	0.03	0.028	0.031	0.022	0.037	0.028	0.006	0.018	0.024	0.024	0.025	
0.026	0.028	0.031	0.005	0.049	0.029	0.015	0.031	0.006	0.01	0.009	0.008	0.011	0.069	0.035	0.051	0.078	0.018	0.031	0.06	0.028	0.047	0.015	0.017	0.025	0.038	0.074	0.053	0.022	0.016	0.016	0.03	0.028	0.028	0.025	0.018	0.038	0.034	0.01	0.05	0.064	0.028	0.041	0.023	0.022	0.009	0.021	0.002	0.001	0.025	0.023	0.032	0.025	0.067	0.058	0.058	0.013	0.041	0.043	0.016	0.007	0.023	0.03	0.078	0.018	0.084	0.06	0.046	0.028	0.028	0.023	0.007	0.029	0	0.004	0.048	0.057	0.015	0.074	0.052	0.041	0.025	0.007	0.028	0.056	0.062	0.02	0.073	0.034	0.032	0.028	0.039	0.029	0.047	0.024	0.011	0.034	0.035	0.023	0.038	
0.033	0.038	0.06	0.008	0.055	0.032	0.014	0.048	0.002	0.015	0.007	0.015	0.01	0.082	0.045	0.073	0.093	0.016	0.019	0.067	0.035	0.063	0.024	0.017	0.033	0.051	0.08	0.052	0.017	0.024	0.023	0.033	0.037	0.036	0.029	0.018	0.066	0.044	0.011	0.062	0.08	0.044	0.056	0.019	0.034	0.015	0.032	0.004	0.003	0.027	0.028	0.059	0.035	0.095	0.087	0.076	0.013	0.048	0.054	0.023	0.011	0.028	0.036	0.071	0.018	0.095	0.09	0.077	0.035	0.042	0.016	0.01	0.046	0	0.004	0.038	0.064	0.023	0.077	0.06	0.033	0.035	0.008	0.035	0.059	0.082	0.021	0.095	0.043	0.028	0.029	0.065	0.029	0.066	0.042	0.013	0.043	0.051	0.023	0.035	
0.053	0.069	0.067	0.011	0.069	0.039	0.017	0.075	0.003	0.027	0.014	0.021	0.012	0.103	0.047	0.069	0.09	0.014	0.029	0.083	0.034	0.104	0.044	0.022	0.054	0.061	0.111	0.072	0.022	0.031	0.035	0.042	0.05	0.048	0.033	0.023	0.069	0.045	0.01	0.076	0.074	0.056	0.064	0.021	0.027	0.028	0.036	0.006	0.004	0.03	0.019	0.058	0.036	0.103	0.106	0.103	0.021	0.057	0.078	0.018	0.011	0.04	0.047	0.074	0.037	0.115	0.097	0.073	0.048	0.049	0.023	0.012	0.05	0	0.008	0.05	0.075	0.042	0.088	0.063	0.033	0.05	0.01	0.039	0.064	0.121	0.035	0.109	0.046	0.052	0.035	0.08	0.035	0.087	0.052	0.022	0.05	0.07	0.038	0.053	
0.069	0.073	0.069	0.02	0.071	0.054	0.013	0.096	0.005	0.036	0.023	0.031	0.02	0.104	0.083	0.084	0.114	0.012	0.042	0.11	0.041	0.101	0.037	0.025	0.086	0.075	0.123	0.073	0.033	0.053	0.046	0.048	0.069	0.054	0.052	0.018	0.089	0.055	0.009	0.091	0.067	0.055	0.089	0.019	0.031	0.062	0.053	0.004	0.002	0.052	0.04	0.067	0.038	0.111	0.136	0.11	0.015	0.072	0.101	0.023	0.024	0.062	0.05	0.103	0.037	0.122	0.099	0.083	0.065	0.046	0.025	0.017	0.084	0	0.022	0.056	0.067	0.034	0.091	0.086	0.035	0.05	0.014	0.05	0.083	0.149	0.038	0.121	0.072	0.056	0.042	0.09	0.05	0.091	0.073	0.032	0.073	0.075	0.049	0.07	
0.084	0.084	0.062	0.016	0.064	0.08	0.023	0.109	0.007	0.044	0.032	0.035	0.034	0.091	0.094	0.113	0.128	0.018	0.049	0.1	0.047	0.109	0.035	0.032	0.08	0.114	0.127	0.079	0.036	0.075	0.051	0.051	0.083	0.07	0.057	0.028	0.102	0.083	0.012	0.098	0.068	0.075	0.115	0.032	0.047	0.073	0.055	0.005	0	0.072	0.035	0.066	0.054	0.116	0.166	0.104	0.023	0.073	0.082	0.045	0.02	0.076	0.064	0.107	0.045	0.119	0.107	0.111	0.074	0.066	0.035	0.021	0.102	0	0.015	0.071	0.109	0.034	0.085	0.084	0.05	0.045	0.013	0.043	0.099	0.149	0.056	0.131	0.083	0.049	0.045	0.09	0.046	0.115	0.095	0.051	0.077	0.078	0.068	0.101	
0.095	0.102	0.065	0.026	0.066	0.082	0.027	0.126	0.008	0.051	0.044	0.037	0.039	0.097	0.1	0.124	0.134	0.024	0.06	0.08	0.054	0.117	0.031	0.05	0.108	0.096	0.139	0.083	0.054	0.076	0.052	0.057	0.112	0.084	0.083	0.026	0.11	0.1	0.011	0.088	0.099	0.101	0.127	0.036	0.059	0.09	0.055	0.009	0	0.083	0.059	0.074	0.066	0.133	0.16	0.143	0.03	0.079	0.094	0.052	0.021	0.092	0.07	0.116	0.051	0.12	0.106	0.105	0.085	0.056	0.057	0.014	0.112	0	0.012	0.07	0.12	0.05	0.083	0.094	0.059	0.056	0.02	0.057	0.135	0.131	0.065	0.127	0.104	0.06	0.053	0.101	0.066	0.137	0.12	0.057	0.101	0.109	0.072	0.12	
0.105	0.103	0.061	0.052	0.077	0.105	0.037	0.126	0.01	0.06	0.056	0.044	0.043	0.116	0.106	0.122	0.134	0.035	0.089	0.106	0.08	0.114	0.037	0.082	0.114	0.11	0.132	0.1	0.079	0.097	0.08	0.049	0.116	0.094	0.107	0.027	0.134	0.094	0.021	0.103	0.114	0.114	0.151	0.045	0.07	0.117	0.07	0.007	0	0.067	0.075	0.071	0.088	0.112	0.147	0.145	0.031	0.082	0.086	0.062	0.025	0.096	0.085	0.118	0.053	0.112	0.117	0.123	0.085	0.081	0.059	0.019	0.105	0	0.025	0.091	0.117	0.076	0.1	0.088	0.066	0.061	0.02	0.065	0.122	0.157	0.065	0.12	0.111	0.067	0.07	0.107	0.075	0.149	0.13	0.064	0.101	0.124	0.086	0.142	
0.106	0.121	0.058	0.059	0.079	0.109	0.045	0.126	0.014	0.072	0.08	0.075	0.064	0.112	0.108	0.131	0.121	0.044	0.109	0.099	0.066	0.141	0.053	0.095	0.13	0.113	0.145	0.109	0.096	0.093	0.098	0.049	0.126	0.099	0.087	0.039	0.148	0.099	0.031	0.111	0.122	0.133	0.159	0.06	0.087	0.152	0.071	0.008	0	0.085	0.084	0.074	0.104	0.126	0.121	0.14	0.042	0.075	0.105	0.083	0.049	0.096	0.109	0.112	0.075	0.116	0.112	0.134	0.09	0.088	0.083	0.025	0.132	0	0.041	0.079	0.142	0.09	0.103	0.089	0.079	0.058	0.026	0.085	0.126	0.148	0.089	0.122	0.123	0.073	0.083	0.137	0.101	0.13	0.148	0.09	0.099	0.113	0.115	0.14	
0.092	0.147	0.073	0.075	0.086	0.121	0.06	0.122	0.029	0.094	0.09	0.081	0.081	0.11	0.108	0.11	0.133	0.081	0.116	0.117	0.075	0.149	0.048	0.11	0.133	0.11	0.107	0.121	0.11	0.105	0.123	0.062	0.132	0.135	0.083	0.058	0.16	0.113	0.049	0.13	0.124	0.131	0.159	0.06	0.09	0.135	0.076	0.015	0	0.102	0.103	0.092	0.111	0.138	0.116	0.143	0.056	0.094	0.105	0.099	0.068	0.113	0.104	0.111	0.094	0.116	0.109	0.143	0.084	0.098	0.095	0.028	0.138	0	0.051	0.079	0.13	0.108	0.113	0.114	0.1	0.074	0.033	0.093	0.137	0.165	0.085	0.134	0.13	0.083	0.104	0.142	0.113	0.137	0.151	0.109	0.111	0.108	0.128	0.139	
0.101	0.141	0.079	0.087	0.096	0.143	0.067	0.115	0.039	0.109	0.091	0.095	0.093	0.115	0.111	0.123	0.11	0.07	0.151	0.119	0.1	0.131	0.071	0.134	0.133	0.134	0.095	0.134	0.136	0.11	0.126	0.08	0.136	0.148	0.091	0.085	0.164	0.116	0.061	0.146	0.111	0.122	0.165	0.07	0.095	0.123	0.111	0.018	0	0.1	0.099	0.083	0.096	0.111	0.142	0.137	0.07	0.103	0.109	0.111	0.09	0.118	0.099	0.131	0.102	0.109	0.121	0.14	0.112	0.114	0.116	0.04	0.137	0	0.056	0.107	0.115	0.1	0.127	0.105	0.093	0.09	0.038	0.098	0.124	0.154	0.117	0.134	0.139	0.093	0.126	0.142	0.131	0.158	0.153	0.129	0.111	0.126	0.131	0.123	
0.111	0.139	0.093	0.077	0.114	0.125	0.087	0.133	0.051	0.119	0.098	0.086	0.093	0.123	0.113	0.151	0.094	0.082	0.139	0.13	0.105	0.141	0.087	0.127	0.144	0.14	0.133	0.131	0.119	0.117	0.127	0.102	0.116	0.128	0.115	0.112	0.145	0.1	0.074	0.141	0.118	0.116	0.174	0.087	0.117	0.13	0.117	0.024	0	0.106	0.12	0.093	0.102	0.14	0.142	0.158	0.083	0.098	0.104	0.128	0.084	0.101	0.093	0.15	0.123	0.129	0.13	0.16	0.087	0.132	0.135	0.054	0.141	0	0.072	0.117	0.121	0.124	0.117	0.115	0.112	0.093	0.042	0.11	0.127	0.138	0.122	0.129	0.152	0.107	0.121	0.12	0.115	0.148	0.132	0.139	0.143	0.132	0.133	0.142	
0.108	0.129	0.124	0.118	0.132	0.122	0.112	0.145	0.068	0.124	0.101	0.086	0.102	0.12	0.138	0.123	0.094	0.107	0.144	0.169	0.113	0.138	0.081	0.126	0.145	0.137	0.131	0.139	0.131	0.096	0.145	0.117	0.142	0.114	0.102	0.11	0.12	0.114	0.083	0.149	0.123	0.137	0.174	0.098	0.12	0.132	0.132	0.027	0	0.102	0.15	0.111	0.113	0.142	0.156	0.172	0.092	0.094	0.129	0.142	0.092	0.128	0.107	0.143	0.158	0.118	0.138	0.144	0.09	0.129	0.144	0.07	0.128	0	0.092	0.151	0.124	0.139	0.103	0.12	0.123	0.089	0.05	0.116	0.128	0.143	0.12	0.149	0.151	0.139	0.108	0.133	0.115	0.162	0.123	0.119	0.155	0.13	0.127	0.148	
0.12	0.124	0.118	0.106	0.136	0.136	0.136	0.125	0.075	0.14	0.111	0.088	0.114	0.129	0.125	0.125	0.12	0.108	0.131	0.15	0.141	0.149	0.105	0.128	0.163	0.137	0.112	0.149	0.158	0.1	0.12	0.149	0.139	0.119	0.107	0.128	0.112	0.114	0.107	0.142	0.127	0.13	0.155	0.111	0.102	0.128	0.117	0.031	0	0.103	0.15	0.119	0.109	0.171	0.159	0.154	0.114	0.097	0.141	0.127	0.131	0.13	0.088	0.164	0.135	0.116	0.15	0.133	0.106	0.143	0.16	0.084	0.124	0	0.08	0.15	0.131	0.129	0.108	0.122	0.15	0.076	0.067	0.13	0.13	0.156	0.121	0.119	0.165	0.138	0.128	0.147	0.128	0.148	0.133	0.129	0.131	0.149	0.133	0.155	
0.116	0.125	0.119	0.109	0.139	0.136	0.149	0.133	0.081	0.146	0.115	0.115	0.117	0.153	0.143	0.144	0.143	0.117	0.13	0.16	0.145	0.144	0.109	0.142	0.147	0.148	0.119	0.132	0.146	0.125	0.118	0.125	0.129	0.105	0.114	0.123	0.15	0.126	0.094	0.123	0.113	0.134	0.138	0.113	0.1	0.147	0.105	0.057	0	0.116	0.149	0.142	0.125	0.147	0.149	0.175	0.103	0.097	0.142	0.148	0.119	0.145	0.092	0.164	0.134	0.136	0.131	0.13	0.106	0.145	0.13	0.091	0.128	0	0.088	0.157	0.119	0.126	0.124	0.126	0.133	0.075	0.055	0.128	0.136	0.158	0.118	0.151	0.142	0.114	0.126	0.17	0.125	0.146	0.137	0.13	0.137	0.154	0.125	0.161	
0.113	0.127	0.133	0.105	0.154	0.13	0.119	0.141	0.101	0.141	0.136	0.124	0.136	0.162	0.161	0.158	0.136	0.134	0.118	0.16	0.138	0.143	0.098	0.152	0.122	0.132	0.14	0.15	0.14	0.11	0.121	0.13	0.137	0.098	0.118	0.124	0.16	0.126	0.119	0.127	0.096	0.145	0.119	0.097	0.115	0.156	0.12	0.061	0	0.116	0.141	0.13	0.105	0.142	0.151	0.166	0.114	0.098	0.157	0.137	0.131	0.138	0.11	0.166	0.13	0.16	0.111	0.148	0.123	0.146	0.12	0.118	0.131	0	0.099	0.164	0.121	0.15	0.121	0.112	0.108	0.097	0.064	0.123	0.165	0.163	0.124	0.14	0.143	0.129	0.133	0.135	0.143	0.17	0.144	0.129	0.123	0.145	0.107	0.145	
0.102	0.132	0.135	0.104	0.15	0.143	0.118	0.146	0.118	0.146	0.126	0.129	0.139	0.157	0.174	0.138	0.135	0.124	0.128	0.161	0.128	0.13	0.118	0.177	0.115	0.12	0.138	0.135	0.123	0.146	0.136	0.14	0.136	0.102	0.112	0.122	0.149	0.14	0.133	0.125	0.094	0.122	0.134	0.116	0.134	0.161	0.131	0.072	0	0.119	0.128	0.154	0.116	0.139	0.152	0.162	0.104	0.111	0.153	0.138	0.146	0.142	0.112	0.153	0.124	0.153	0.085	0.134	0.132	0.148	0.144	0.129	0.126	0	0.126	0.161	0.13	0.137	0.141	0.115	0.123	0.114	0.083	0.128	0.17	0.155	0.111	0.139	0.131	0.141	0.161	0.139	0.142	0.155	0.138	0.111	0.134	0.134	0.121	0.122	
0.126	0.146	0.134	0.116	0.153	0.151	0.132	0.144	0.123	0.163	0.157	0.137	0.123	0.149	0.161	0.146	0.135	0.128	0.125	0.146	0.136	0.14	0.113	0.154	0.107	0.132	0.137	0.139	0.125	0.148	0.135	0.148	0.131	0.108	0.085	0.129	0.16	0.147	0.154	0.151	0.099	0.126	0.134	0.136	0.143	0.151	0.137	0.09	0	0.14	0.124	0.128	0.128	0.154	0.172	0.14	0.118	0.129	0.174	0.136	0.153	0.143	0.13	0.153	0.125	0.132	0.115	0.118	0.112	0.166	0.159	0.12	0.124	0	0.115	0.14	0.138	0.127	0.122	0.12	0.112	0.117	0.089	0.138	0.164	0.139	0.129	0.145	0.135	0.129	0.165	0.14	0.139	0.143	0.13	0.108	0.145	0.134	0.127	0.114	
0.124	0.133	0.126	0.129	0.14	0.152	0.136	0.129	0.141	0.146	0.159	0.149	0.135	0.144	0.127	0.144	0.125	0.126	0.117	0.139	0.141	0.145	0.133	0.146	0.132	0.137	0.121	0.109	0.155	0.135	0.13	0.125	0.132	0.106	0.108	0.129	0.17	0.123	0.133	0.168	0.11	0.139	0.107	0.138	0.149	0.149	0.137	0.108	0	0.138	0.101	0.14	0.136	0.164	0.141	0.149	0.093	0.125	0.165	0.159	0.146	0.166	0.123	0.155	0.111	0.141	0.13	0.142	0.137	0.146	0.153	0.129	0.126	0	0.13	0.158	0.142	0.131	0.109	0.158	0.103	0.121	0.11	0.135	0.133	0.139	0.128	0.149	0.138	0.135	0.2	0.136	0.124	0.155	0.109	0.128	0.145	0.141	0.134	0.12	
0.122	0.145	0.155	0.141	0.148	0.14	0.127	0.126	0.119	0.146	0.148	0.14	0.136	0.139	0.135	0.135	0.136	0.126	0.146	0.16	0.132	0.132	0.127	0.168	0.123	0.153	0.118	0.128	0.146	0.12	0.129	0.112	0.128	0.111	0.112	0.12	0.151	0.112	0.129	0.15	0.12	0.136	0.103	0.126	0.14	0.15	0.139	0.114	0	0.13	0.099	0.12	0.128	0.141	0.172	0.138	0.097	0.141	0.146	0.123	0.132	0.182	0.124	0.156	0.122	0.129	0.136	0.141	0.137	0.139	0.167	0.119	0.106	0	0.141	0.178	0.141	0.117	0.126	0.144	0.12	0.131	0.129	0.144	0.136	0.143	0.131	0.135	0.137	0.122	0.183	0.132	0.107	0.136	0.128	0.122	0.132	0.151	0.131	0.13	
0.119	0.14	0.15	0.139	0.145	0.145	0.128	0.132	0.134	0.152	0.133	0.128	0.127	0.132	0.141	0.132	0.14	0.137	0.146	0.178	0.128	0.116	0.122	0.143	0.117	0.167	0.101	0.107	0.14	0.113	0.129	0.149	0.146	0.136	0.12	0.114	0.131	0.128	0.156	0.15	0.122	0.157	0.122	0.124	0.137	0.144	0.148	0.11	0	0.148	0.101	0.127	0.124	0.136	0.158	0.122	0.118	0.133	0.147	0.123	0.121	0.162	0.132	0.154	0.131	0.131	0.161	0.128	0.128	0.164	0.163	0.123	0.122	0	0.128	0.161	0.116	0.133	0.124	0.153	0.102	0.133	0.125	0.134	0.141	0.166	0.119	0.139	0.139	0.154	0.151	0.119	0.098	0.133	0.107	0.121	0.157	0.145	0.142	0.147	
0.111	0.146	0.149	0.135	0.149	0.149	0.122	0.118	0.153	0.159	0.125	0.136	0.139	0.12	0.129	0.161	0.114	0.147	0.146	0.167	0.121	0.124	0.139	0.162	0.13	0.139	0.105	0.116	0.14	0.122	0.148	0.12	0.142	0.109	0.16	0.143	0.107	0.104	0.163	0.155	0.138	0.139	0.124	0.137	0.117	0.138	0.152	0.117	0	0.152	0.105	0.146	0.128	0.146	0.169	0.139	0.116	0.136	0.151	0.141	0.122	0.136	0.15	0.15	0.146	0.143	0.162	0.13	0.119	0.142	0.164	0.137	0.133	0	0.123	0.151	0.112	0.126	0.109	0.14	0.114	0.162	0.109	0.139	0.133	0.142	0.139	0.129	0.12	0.141	0.156	0.11	0.097	0.125	0.104	0.119	0.157	0.161	0.122	0.126	
0.122	0.131	0.154	0.144	0.132	0.146	0.111	0.111	0.146	0.147	0.129	0.138	0.149	0.147	0.127	0.176	0.133	0.143	0.149	0.163	0.143	0.142	0.137	0.165	0.128	0.148	0.138	0.119	0.134	0.129	0.141	0.128	0.156	0.112	0.163	0.133	0.108	0.119	0.145	0.159	0.15	0.128	0.137	0.146	0.122	0.158	0.142	0.125	0	0.139	0.099	0.126	0.113	0.17	0.146	0.142	0.124	0.121	0.144	0.142	0.117	0.139	0.179	0.16	0.142	0.152	0.163	0.133	0.112	0.15	0.154	0.15	0.147	0	0.133	0.161	0.111	0.14	0.106	0.128	0.13	0.137	0.101	0.153	0.124	0.13	0.138	0.108	0.136	0.153	0.143	0.106	0.108	0.119	0.095	0.118	0.163	0.152	0.142	0.135	
0.13	0.118	0.133	0.138	0.139	0.143	0.101	0.12	0.115	0.162	0.141	0.13	0.18	0.132	0.125	0.167	0.122	0.143	0.157	0.153	0.121	0.151	0.138	0.156	0.111	0.143	0.148	0.122	0.148	0.148	0.13	0.141	0.148	0.138	0.167	0.107	0.11	0.142	0.149	0.157	0.162	0.134	0.131	0.137	0.108	0.159	0.135	0.112	0	0.137	0.085	0.123	0.118	0.146	0.143	0.162	0.142	0.13	0.131	0.135	0.113	0.128	0.159	0.165	0.136	0.137	0.16	0.141	0.106	0.142	0.156	0.161	0.144	0	0.138	0.149	0.114	0.13	0.093	0.13	0.115	0.139	0.105	0.15	0.116	0.126	0.138	0.121	0.129	0.133	0.125	0.095	0.111	0.134	0.108	0.118	0.162	0.155	0.194	0.127	
0.131	0.134	0.135	0.144	0.122	0.132	0.12	0.131	0.12	0.156	0.145	0.119	0.166	0.159	0.124	0.16	0.14	0.149	0.15	0.181	0.112	0.181	0.168	0.163	0.11	0.147	0.137	0.138	0.15	0.145	0.122	0.153	0.14	0.152	0.136	0.117	0.121	0.147	0.127	0.15	0.168	0.128	0.141	0.143	0.109	0.13	0.128	0.116	0	0.13	0.109	0.123	0.123	0.153	0.136	0.141	0.125	0.141	0.098	0.123	0.105	0.108	0.13	0.18	0.143	0.133	0.14	0.139	0.108	0.146	0.139	0.142	0.15	0	0.12	0.142	0.136	0.152	0.091	0.12	0.121	0.116	0.11	0.149	0.147	0.126	0.124	0.11	0.13	0.132	0.131	0.101	0.107	0.127	0.104	0.095	0.2	0.135	0.163	0.118	
0.133	0.117	0.116	0.133	0.131	0.116	0.15	0.169	0.124	0.132	0.13	0.129	0.154	0.136	0.143	0.165	0.156	0.147	0.154	0.149	0.114	0.186	0.167	0.137	0.137	0.167	0.128	0.14	0.131	0.143	0.113	0.187	0.13	0.148	0.129	0.129	0.124	0.129	0.135	0.154	0.156	0.127	0.137	0.149	0.112	0.137	0.151	0.134	0	0.141	0.111	0.103	0.125	0.17	0.118	0.126	0.117	0.124	0.101	0.126	0.129	0.119	0.142	0.175	0.136	0.141	0.111	0.148	0.117	0.139	0.125	0.149	0.171	0	0.146	0.15	0.154	0.155	0.088	0.112	0.107	0.108	0.134	0.131	0.148	0.122	0.122	0.135	0.116	0.138	0.116	0.126	0.115	0.134	0.13	0.107	0.183	0.139	0.129	0.127	
0.144	0.125	0.101	0.124	0.12	0.1	0.16	0.138	0.124	0.125	0.117	0.145	0.136	0.139	0.132	0.161	0.141	0.147	0.158	0.138	0.125	0.201	0.159	0.136	0.143	0.17	0.14	0.144	0.139	0.139	0.113	0.172	0.133	0.151	0.149	0.148	0.13	0.129	0.15	0.154	0.141	0.114	0.15	0.156	0.118	0.12	0.133	0.143	0	0.166	0.088	0.109	0.132	0.17	0.123	0.142	0.128	0.118	0.085	0.118	0.138	0.135	0.106	0.145	0.153	0.145	0.102	0.141	0.111	0.139	0.111	0.154	0.189	0	0.148	0.133	0.147	0.135	0.099	0.101	0.115	0.126	0.11	0.125	0.142	0.132	0.128	0.124	0.095	0.148	0.115	0.123	0.107	0.119	0.14	0.132	0.168	0.126	0.128	0.123	
0.131	0.122	0.097	0.126	0.131	0.109	0.16	0.144	0.127	0.12	0.129	0.15	0.117	0.143	0.13	0.126	0.14	0.165	0.15	0.14	0.13	0.185	0.143	0.125	0.127	0.184	0.145	0.144	0.132	0.152	0.11	0.17	0.11	0.125	0.143	0.172	0.144	0.121	0.171	0.167	0.147	0.132	0.13	0.144	0.143	0.122	0.121	0.152	0	0.156	0.085	0.126	0.153	0.163	0.123	0.141	0.121	0.106	0.106	0.138	0.159	0.175	0.139	0.136	0.13	0.154	0.116	0.126	0.134	0.134	0.149	0.138	0.173	0	0.132	0.146	0.165	0.131	0.101	0.126	0.109	0.134	0.115	0.137	0.13	0.129	0.128	0.126	0.126	0.143	0.109	0.125	0.109	0.106	0.132	0.152	0.141	0.134	0.134	0.124	
0.135	0.134	0.098	0.12	0.127	0.13	0.148	0.14	0.143	0.127	0.127	0.147	0.113	0.146	0.144	0.122	0.136	0.163	0.15	0.151	0.124	0.169	0.135	0.122	0.13	0.178	0.146	0.15	0.121	0.13	0.116	0.171	0.14	0.125	0.146	0.19	0.126	0.105	0.143	0.165	0.152	0.14	0.143	0.126	0.114	0.127	0.121	0.16	0	0.134	0.093	0.137	0.153	0.146	0.124	0.128	0.116	0.104	0.103	0.146	0.127	0.164	0.128	0.114	0.14	0.138	0.131	0.132	0.142	0.159	0.13	0.137	0.137	0	0.128	0.132	0.152	0.137	0.113	0.125	0.119	0.13	0.146	0.156	0.12	0.146	0.141	0.134	0.136	0.136	0.14	0.108	0.117	0.11	0.136	0.129	0.173	0.119	0.129	0.13	
0.146	0.129	0.116	0.126	0.109	0.134	0.151	0.147	0.131	0.159	0.122	0.149	0.088	0.137	0.169	0.129	0.133	0.149	0.151	0.162	0.116	0.169	0.151	0.149	0.131	0.176	0.149	0.157	0.147	0.139	0.12	0.148	0.122	0.14	0.144	0.16	0.128	0.119	0.138	0.126	0.131	0.129	0.144	0.13	0.12	0.119	0.161	0.157	0	0.148	0.094	0.134	0.16	0.146	0.123	0.142	0.121	0.088	0.111	0.149	0.13	0.14	0.138	0.126	0.145	0.133	0.133	0.142	0.128	0.175	0.143	0.132	0.135	0	0.125	0.14	0.16	0.14	0.129	0.115	0.117	0.12	0.113	0.147	0.122	0.121	0.156	0.145	0.142	0.117	0.132	0.127	0.102	0.113	0.143	0.136	0.168	0.13	0.141	0.146	
0.137	0.148	0.113	0.138	0.107	0.139	0.133	0.147	0.127	0.162	0.129	0.134	0.104	0.138	0.162	0.127	0.118	0.136	0.135	0.156	0.133	0.145	0.146	0.139	0.151	0.13	0.148	0.167	0.132	0.13	0.102	0.144	0.116	0.115	0.134	0.154	0.157	0.117	0.129	0.121	0.127	0.137	0.143	0.126	0.125	0.097	0.132	0.156	0	0.167	0.088	0.144	0.144	0.144	0.119	0.147	0.133	0.116	0.116	0.137	0.151	0.159	0.142	0.108	0.137	0.115	0.131	0.135	0.131	0.154	0.164	0.146	0.154	0	0.119	0.111	0.165	0.132	0.136	0.126	0.136	0.134	0.12	0.164	0.115	0.099	0.138	0.143	0.153	0.093	0.139	0.138	0.104	0.113	0.158	0.134	0.191	0.155	0.148	0.126	
0.144	0.149	0.101	0.153	0.102	0.13	0.137	0.154	0.148	0.18	0.142	0.155	0.105	0.132	0.17	0.127	0.103	0.133	0.132	0.158	0.126	0.127	0.161	0.113	0.143	0.145	0.138	0.153	0.161	0.128	0.114	0.15	0.104	0.123	0.118	0.128	0.168	0.126	0.124	0.142	0.125	0.144	0.134	0.128	0.114	0.117	0.126	0.153	0	0.151	0.098	0.147	0.143	0.155	0.149	0.138	0.146	0.095	0.106	0.153	0.162	0.144	0.143	0.129	0.14	0.118	0.122	0.139	0.127	0.145	0.15	0.147	0.148	0	0.125	0.107	0.155	0.146	0.143	0.147	0.143	0.118	0.116	0.129	0.125	0.095	0.158	0.16	0.154	0.099	0.151	0.125	0.128	0.127	0.144	0.143	0.179	0.164	0.141	0.116	
0.15	0.151	0.108	0.146	0.126	0.123	0.162	0.186	0.122	0.16	0.167	0.153	0.119	0.104	0.153	0.117	0.099	0.131	0.131	0.148	0.138	0.142	0.139	0.129	0.166	0.165	0.153	0.152	0.154	0.116	0.118	0.136	0.117	0.126	0.139	0.13	0.169	0.127	0.104	0.134	0.136	0.125	0.132	0.123	0.154	0.127	0.122	0.153	0	0.143	0.09	0.144	0.104	0.139	0.159	0.147	0.147	0.107	0.114	0.164	0.134	0.141	0.127	0.122	0.139	0.124	0.13	0.156	0.132	0.141	0.143	0.158	0.122	0	0.119	0.111	0.165	0.139	0.122	0.166	0.129	0.141	0.121	0.151	0.123	0.093	0.132	0.161	0.142	0.119	0.141	0.118	0.152	0.137	0.149	0.138	0.177	0.156	0.135	0.13	
0.16	0.149	0.112	0.164	0.119	0.11	0.159	0.157	0.15	0.16	0.147	0.132	0.134	0.092	0.179	0.128	0.094	0.125	0.138	0.159	0.141	0.132	0.143	0.154	0.133	0.141	0.136	0.144	0.177	0.12	0.131	0.107	0.126	0.151	0.142	0.129	0.17	0.146	0.131	0.142	0.135	0.126	0.14	0.124	0.164	0.137	0.104	0.155	0	0.151	0.12	0.159	0.115	0.112	0.163	0.126	0.135	0.101	0.128	0.147	0.149	0.118	0.142	0.119	0.144	0.124	0.169	0.156	0.136	0.12	0.151	0.156	0.115	0	0.107	0.153	0.148	0.133	0.138	0.142	0.118	0.159	0.132	0.122	0.104	0.105	0.144	0.152	0.172	0.151	0.149	0.118	0.16	0.143	0.129	0.13	0.171	0.171	0.14	0.138	
0.177	0.148	0.12	0.165	0.107	0.1	0.156	0.147	0.15	0.148	0.126	0.112	0.124	0.077	0.164	0.13	0.133	0.12	0.144	0.152	0.129	0.137	0.146	0.151	0.125	0.142	0.14	0.137	0.152	0.129	0.138	0.122	0.131	0.134	0.125	0.116	0.145	0.191	0.14	0.144	0.131	0.141	0.129	0.121	0.137	0.132	0.107	0.152	0	0.158	0.125	0.114	0.121	0.101	0.169	0.131	0.139	0.132	0.135	0.144	0.13	0.142	0.143	0.124	0.128	0.132	0.143	0.147	0.147	0.1	0.166	0.166	0.12	0	0.114	0.15	0.144	0.135	0.154	0.141	0.113	0.16	0.137	0.127	0.109	0.119	0.142	0.154	0.152	0.161	0.151	0.136	0.135	0.144	0.129	0.122	0.157	0.161	0.135	0.135	
0.186	0.138	0.129	0.153	0.108	0.112	0.14	0.131	0.159	0.15	0.13	0.121	0.136	0.083	0.165	0.124	0.111	0.142	0.133	0.14	0.142	0.127	0.139	0.147	0.128	0.174	0.117	0.152	0.16	0.144	0.125	0.128	0.135	0.149	0.113	0.128	0.157	0.178	0.148	0.143	0.121	0.133	0.128	0.096	0.152	0.13	0.117	0.178	0	0.134	0.134	0.109	0.128	0.091	0.182	0.114	0.137	0.151	0.137	0.163	0.135	0.137	0.14	0.125	0.114	0.118	0.126	0.114	0.159	0.102	0.159	0.152	0.109	0	0.107	0.151	0.152	0.126	0.146	0.115	0.098	0.145	0.14	0.132	0.095	0.117	0.151	0.144	0.155	0.152	0.132	0.155	0.126	0.152	0.129	0.123	0.161	0.156	0.143	0.156	
0.143	0.127	0.13	0.156	0.107	0.154	0.13	0.149	0.156	0.143	0.137	0.133	0.136	0.109	0.151	0.148	0.111	0.139	0.133	0.147	0.126	0.126	0.161	0.143	0.128	0.161	0.131	0.159	0.162	0.138	0.105	0.119	0.122	0.151	0.098	0.124	0.166	0.134	0.133	0.135	0.116	0.163	0.143	0.121	0.136	0.136	0.144	0.169	0	0.149	0.122	0.109	0.149	0.096	0.154	0.11	0.132	0.117	0.128	0.156	0.117	0.133	0.136	0.142	0.105	0.14	0.119	0.093	0.178	0.105	0.125	0.157	0.132	0	0.106	0.15	0.129	0.127	0.157	0.129	0.11	0.135	0.161	0.142	0.097	0.124	0.144	0.159	0.158	0.14	0.139	0.158	0.116	0.139	0.124	0.119	0.146	0.134	0.139	0.142	
0.13	0.13	0.14	0.135	0.083	0.144	0.133	0.152	0.154	0.155	0.156	0.136	0.13	0.118	0.189	0.166	0.097	0.138	0.147	0.164	0.113	0.129	0.123	0.114	0.12	0.169	0.127	0.144	0.135	0.125	0.105	0.131	0.123	0.131	0.093	0.129	0.155	0.14	0.141	0.15	0.136	0.175	0.145	0.114	0.154	0.14	0.158	0.17	0	0.124	0.133	0.106	0.167	0.11	0.148	0.157	0.123	0.114	0.14	0.16	0.109	0.129	0.121	0.158	0.143	0.134	0.116	0.089	0.161	0.13	0.14	0.152	0.137	0	0.121	0.153	0.134	0.148	0.169	0.132	0.113	0.142	0.154	0.128	0.076	0.131	0.161	0.147	0.128	0.136	0.148	0.147	0.126	0.157	0.133	0.126	0.145	0.117	0.132	0.157	
0.148	0.148	0.118	0.127	0.081	0.145	0.131	0.161	0.145	0.145	0.154	0.133	0.15	0.11	0.159	0.176	0.112	0.137	0.158	0.168	0.096	0.128	0.134	0.117	0.126	0.173	0.133	0.143	0.145	0.136	0.127	0.122	0.117	0.133	0.109	0.148	0.145	0.144	0.136	0.162	0.155	0.134	0.131	0.127	0.151	0.131	0.14	0.151	0	0.138	0.15	0.107	0.158	0.112	0.164	0.145	0.138	0.127	0.112	0.147	0.116	0.13	0.132	0.143	0.15	0.156	0.149	0.107	0.148	0.145	0.127	0.125	0.15	0	0.124	0.135	0.13	0.136	0.186	0.13	0.13	0.12	0.168	0.136	0.092	0.137	0.159	0.128	0.159	0.139	0.148	0.124	0.126	0.147	0.12	0.128	0.147	0.117	0.132	0.163	
0.168	0.148	0.146	0.139	0.095	0.153	0.113	0.153	0.144	0.168	0.156	0.114	0.137	0.116	0.188	0.159	0.109	0.117	0.154	0.14	0.12	0.132	0.13	0.102	0.12	0.166	0.116	0.132	0.136	0.162	0.138	0.112	0.117	0.107	0.124	0.133	0.119	0.131	0.14	0.172	0.134	0.135	0.12	0.126	0.157	0.136	0.147	0.149	0	0.14	0.148	0.092	0.146	0.136	0.148	0.142	0.146	0.126	0.138	0.149	0.142	0.125	0.149	0.141	0.149	0.151	0.151	0.112	0.127	0.148	0.121	0.142	0.145	0	0.108	0.153	0.131	0.134	0.175	0.148	0.112	0.119	0.128	0.136	0.098	0.116	0.149	0.143	0.173	0.145	0.145	0.123	0.144	0.139	0.113	0.141	0.158	0.13	0.131	0.169	
0.186	0.153	0.128	0.149	0.099	0.16	0.128	0.127	0.146	0.15	0.149	0.121	0.139	0.118	0.188	0.166	0.125	0.133	0.154	0.134	0.125	0.152	0.142	0.115	0.136	0.169	0.109	0.128	0.117	0.148	0.122	0.091	0.119	0.115	0.141	0.146	0.123	0.124	0.154	0.142	0.132	0.134	0.114	0.141	0.145	0.148	0.144	0.157	0	0.146	0.137	0.104	0.154	0.112	0.146	0.119	0.148	0.142	0.154	0.113	0.115	0.13	0.142	0.127	0.158	0.125	0.165	0.139	0.114	0.172	0.129	0.128	0.139	0	0.12	0.173	0.142	0.12	0.177	0.155	0.112	0.14	0.131	0.128	0.103	0.127	0.168	0.14	0.166	0.149	0.14	0.119	0.154	0.114	0.141	0.144	0.146	0.129	0.134	0.159	
0.161	0.161	0.123	0.164	0.101	0.145	0.137	0.13	0.139	0.146	0.161	0.109	0.151	0.109	0.203	0.156	0.128	0.126	0.157	0.128	0.128	0.156	0.123	0.122	0.143	0.158	0.094	0.165	0.123	0.153	0.127	0.103	0.116	0.115	0.132	0.135	0.108	0.112	0.136	0.153	0.108	0.138	0.11	0.132	0.144	0.135	0.158	0.16	0	0.141	0.146	0.103	0.138	0.119	0.139	0.111	0.146	0.157	0.16	0.134	0.136	0.153	0.133	0.148	0.124	0.126	0.141	0.14	0.141	0.153	0.117	0.124	0.113	0	0.125	0.145	0.151	0.127	0.15	0.129	0.147	0.149	0.133	0.136	0.124	0.136	0.155	0.126	0.149	0.144	0.126	0.107	0.165	0.112	0.142	0.146	0.151	0.126	0.126	0.169	
0.161	0.148	0.145	0.15	0.103	0.148	0.162	0.118	0.115	0.138	0.141	0.116	0.144	0.124	0.172	0.164	0.119	0.136	0.152	0.147	0.104	0.153	0.14	0.132	0.122	0.144	0.129	0.14	0.131	0.136	0.119	0.099	0.132	0.127	0.139	0.138	0.108	0.11	0.118	0.168	0.126	0.153	0.121	0.13	0.178	0.124	0.17	0.182	0	0.138	0.142	0.117	0.14	0.12	0.127	0.112	0.149	0.145	0.131	0.133	0.142	0.146	0.162	0.121	0.132	0.134	0.156	0.123	0.142	0.166	0.121	0.135	0.099	0	0.126	0.134	0.152	0.134	0.121	0.134	0.145	0.155	0.126	0.141	0.131	0.139	0.142	0.109	0.163	0.155	0.146	0.124	0.176	0.117	0.148	0.135	0.136	0.126	0.137	0.159	
0.176	0.157	0.164	0.143	0.123	0.149	0.154	0.113	0.135	0.129	0.134	0.105	0.117	0.136	0.165	0.151	0.117	0.163	0.163	0.142	0.127	0.16	0.138	0.131	0.148	0.138	0.149	0.138	0.141	0.139	0.166	0.099	0.147	0.127	0.119	0.138	0.123	0.13	0.131	0.131	0.11	0.153	0.128	0.135	0.183	0.113	0.167	0.167	0	0.137	0.146	0.113	0.14	0.118	0.115	0.135	0.117	0.137	0.152	0.139	0.146	0.148	0.131	0.14	0.149	0.141	0.15	0.103	0.138	0.134	0.102	0.113	0.116	0	0.131	0.122	0.134	0.146	0.137	0.149	0.138	0.138	0.136	0.148	0.141	0.136	0.123	0.126	0.134	0.149	0.133	0.111	0.165	0.11	0.154	0.144	0.118	0.123	0.118	0.178	
0.164	0.17	0.158	0.143	0.11	0.154	0.135	0.117	0.134	0.132	0.126	0.117	0.102	0.136	0.158	0.155	0.104	0.133	0.157	0.142	0.14	0.155	0.151	0.124	0.136	0.144	0.141	0.141	0.144	0.117	0.132	0.082	0.166	0.156	0.11	0.132	0.128	0.13	0.162	0.126	0.108	0.154	0.146	0.157	0.14	0.124	0.169	0.168	0	0.142	0.156	0.118	0.137	0.123	0.128	0.121	0.109	0.109	0.144	0.142	0.14	0.142	0.137	0.136	0.152	0.168	0.162	0.133	0.126	0.122	0.125	0.124	0.14	0	0.133	0.127	0.128	0.164	0.138	0.155	0.125	0.143	0.134	0.157	0.144	0.134	0.125	0.125	0.139	0.131	0.136	0.119	0.165	0.125	0.16	0.161	0.112	0.136	0.125	0.143	
0.155	0.148	0.166	0.147	0.124	0.16	0.138	0.147	0.135	0.127	0.149	0.129	0.1	0.141	0.136	0.156	0.142	0.115	0.132	0.126	0.118	0.137	0.166	0.138	0.13	0.138	0.151	0.146	0.129	0.128	0.147	0.109	0.127	0.125	0.123	0.133	0.148	0.1	0.146	0.123	0.125	0.178	0.15	0.122	0.142	0.131	0.161	0.167	0	0.138	0.152	0.115	0.135	0.114	0.12	0.117	0.14	0.128	0.146	0.147	0.13	0.163	0.158	0.125	0.146	0.157	0.125	0.136	0.13	0.113	0.145	0.116	0.147	0	0.138	0.141	0.128	0.148	0.135	0.145	0.157	0.155	0.136	0.13	0.135	0.138	0.116	0.119	0.137	0.143	0.147	0.135	0.146	0.131	0.158	0.152	0.121	0.142	0.131	0.137	
0.144	0.135	0.152	0.167	0.109	0.16	0.141	0.143	0.123	0.133	0.136	0.118	0.089	0.113	0.141	0.16	0.15	0.116	0.134	0.152	0.126	0.144	0.164	0.134	0.144	0.161	0.144	0.121	0.146	0.125	0.124	0.117	0.139	0.129	0.123	0.126	0.127	0.093	0.137	0.111	0.137	0.135	0.127	0.105	0.144	0.125	0.164	0.14	0	0.131	0.153	0.139	0.125	0.131	0.125	0.138	0.126	0.133	0.156	0.168	0.12	0.143	0.159	0.149	0.142	0.159	0.131	0.12	0.142	0.137	0.141	0.12	0.164	0	0.137	0.157	0.14	0.153	0.142	0.151	0.144	0.143	0.133	0.154	0.128	0.147	0.125	0.12	0.139	0.128	0.119	0.144	0.149	0.123	0.137	0.154	0.117	0.121	0.109	0.139	
0.159	0.128	0.14	0.168	0.135	0.141	0.128	0.136	0.133	0.152	0.132	0.109	0.099	0.09	0.127	0.147	0.142	0.123	0.132	0.138	0.123	0.14	0.145	0.122	0.131	0.14	0.133	0.122	0.13	0.118	0.118	0.152	0.124	0.113	0.135	0.114	0.14	0.085	0.131	0.123	0.137	0.142	0.135	0.106	0.135	0.148	0.146	0.13	0	0.163	0.158	0.136	0.129	0.123	0.121	0.127	0.13	0.157	0.156	0.169	0.127	0.141	0.157	0.154	0.13	0.143	0.136	0.113	0.156	0.155	0.143	0.129	0.158	0	0.134	0.162	0.136	0.139	0.13	0.13	0.127	0.112	0.141	0.16	0.116	0.137	0.14	0.115	0.147	0.12	0.114	0.115	0.143	0.12	0.143	0.131	0.109	0.116	0.099	0.15	
0.158	0.134	0.114	0.155	0.127	0.135	0.156	0.133	0.141	0.155	0.125	0.112	0.112	0.1	0.144	0.143	0.153	0.137	0.141	0.132	0.119	0.131	0.167	0.156	0.121	0.152	0.125	0.12	0.111	0.109	0.116	0.158	0.135	0.121	0.145	0.112	0.13	0.082	0.145	0.113	0.121	0.15	0.134	0.135	0.109	0.13	0.135	0.131	0	0.165	0.158	0.131	0.128	0.125	0.121	0.132	0.145	0.182	0.13	0.152	0.139	0.123	0.139	0.131	0.158	0.142	0.138	0.107	0.145	0.152	0.144	0.138	0.145	0	0.151	0.149	0.155	0.155	0.124	0.122	0.133	0.108	0.153	0.153	0.13	0.129	0.163	0.107	0.135	0.121	0.119	0.098	0.152	0.121	0.15	0.123	0.12	0.113	0.089	0.134	
0.147	0.11	0.114	0.116	0.132	0.142	0.155	0.152	0.14	0.16	0.129	0.108	0.125	0.097	0.115	0.148	0.155	0.127	0.127	0.128	0.111	0.13	0.177	0.133	0.127	0.146	0.138	0.113	0.121	0.125	0.143	0.16	0.127	0.123	0.145	0.108	0.149	0.088	0.132	0.118	0.144	0.157	0.132	0.118	0.123	0.132	0.131	0.149	0	0.151	0.155	0.126	0.146	0.147	0.129	0.152	0.161	0.178	0.136	0.141	0.135	0.131	0.123	0.153	0.153	0.144	0.137	0.118	0.153	0.174	0.139	0.108	0.148	0	0.17	0.151	0.164	0.135	0.138	0.15	0.13	0.115	0.149	0.161	0.143	0.147	0.176	0.113	0.143	0.111	0.099	0.129	0.136	0.142	0.126	0.154	0.112	0.12	0.1	0.129	
0.154	0.138	0.144	0.124	0.148	0.131	0.127	0.158	0.12	0.123	0.128	0.118	0.135	0.103	0.118	0.162	0.136	0.127	0.162	0.133	0.109	0.116	0.169	0.134	0.132	0.144	0.155	0.115	0.11	0.116	0.13	0.154	0.124	0.12	0.149	0.12	0.143	0.097	0.11	0.114	0.115	0.143	0.148	0.124	0.118	0.139	0.155	0.159	0	0.139	0.134	0.128	0.154	0.14	0.141	0.171	0.169	0.155	0.122	0.11	0.123	0.164	0.132	0.157	0.156	0.162	0.134	0.113	0.117	0.181	0.148	0.119	0.158	0	0.174	0.148	0.173	0.15	0.143	0.156	0.112	0.114	0.131	0.123	0.123	0.118	0.148	0.123	0.167	0.115	0.087	0.126	0.133	0.131	0.141	0.149	0.138	0.139	0.107	0.133	
0.136	0.134	0.135	0.141	0.164	0.121	0.136	0.149	0.116	0.113	0.129	0.151	0.136	0.107	0.122	0.145	0.128	0.129	0.157	0.116	0.112	0.118	0.135	0.136	0.125	0.134	0.153	0.114	0.112	0.099	0.15	0.15	0.136	0.108	0.159	0.127	0.154	0.084	0.122	0.122	0.099	0.139	0.16	0.107	0.116	0.152	0.113	0.122	0	0.134	0.133	0.129	0.144	0.165	0.127	0.168	0.149	0.132	0.112	0.118	0.125	0.158	0.131	0.124	0.15	0.154	0.164	0.104	0.114	0.15	0.145	0.107	0.155	0	0.162	0.114	0.152	0.148	0.143	0.152	0.12	0.105	0.141	0.115	0.12	0.122	0.176	0.134	0.167	0.122	0.091	0.116	0.132	0.12	0.161	0.167	0.129	0.129	0.122	0.16	
0.121	0.131	0.133	0.142	0.153	0.118	0.127	0.131	0.13	0.124	0.122	0.159	0.138	0.119	0.133	0.125	0.152	0.121	0.182	0.121	0.107	0.112	0.128	0.121	0.14	0.132	0.128	0.117	0.121	0.112	0.13	0.178	0.139	0.127	0.141	0.128	0.144	0.098	0.115	0.157	0.105	0.149	0.145	0.105	0.119	0.123	0.133	0.114	0	0.14	0.148	0.113	0.124	0.145	0.112	0.17	0.151	0.135	0.139	0.151	0.14	0.157	0.113	0.157	0.15	0.137	0.145	0.101	0.146	0.139	0.141	0.114	0.142	0	0.147	0.098	0.145	0.137	0.126	0.13	0.13	0.101	0.124	0.127	0.128	0.121	0.186	0.127	0.125	0.123	0.117	0.119	0.138	0.136	0.166	0.158	0.127	0.112	0.141	0.152	
0.147	0.153	0.138	0.146	0.17	0.129	0.118	0.117	0.152	0.121	0.121	0.145	0.142	0.123	0.144	0.12	0.129	0.114	0.172	0.132	0.103	0.122	0.139	0.135	0.136	0.132	0.142	0.121	0.122	0.119	0.138	0.178	0.153	0.137	0.135	0.171	0.159	0.11	0.103	0.157	0.105	0.143	0.143	0.105	0.12	0.14	0.139	0.123	0	0.135	0.15	0.122	0.143	0.15	0.132	0.132	0.148	0.129	0.147	0.146	0.148	0.165	0.125	0.157	0.149	0.128	0.144	0.093	0.123	0.136	0.172	0.134	0.138	0	0.16	0.104	0.159	0.133	0.108	0.125	0.123	0.103	0.123	0.14	0.113	0.134	0.162	0.156	0.13	0.149	0.107	0.132	0.14	0.115	0.155	0.153	0.123	0.122	0.137	0.165	
0.13	0.15	0.137	0.133	0.168	0.124	0.14	0.134	0.135	0.106	0.15	0.146	0.141	0.122	0.171	0.109	0.131	0.115	0.136	0.117	0.125	0.115	0.135	0.139	0.139	0.14	0.138	0.143	0.121	0.108	0.128	0.175	0.14	0.147	0.133	0.154	0.153	0.117	0.112	0.147	0.107	0.135	0.141	0.115	0.135	0.156	0.173	0.13	0	0.151	0.151	0.124	0.144	0.132	0.136	0.153	0.14	0.128	0.137	0.161	0.14	0.145	0.141	0.169	0.165	0.125	0.167	0.097	0.14	0.139	0.172	0.147	0.144	0	0.142	0.103	0.149	0.158	0.106	0.146	0.109	0.124	0.135	0.119	0.11	0.15	0.155	0.166	0.133	0.131	0.126	0.14	0.125	0.095	0.131	0.153	0.134	0.113	0.134	0.143	
0.133	0.162	0.136	0.135	0.178	0.141	0.13	0.149	0.164	0.107	0.142	0.146	0.142	0.127	0.166	0.126	0.121	0.14	0.11	0.116	0.111	0.131	0.128	0.154	0.106	0.156	0.12	0.137	0.122	0.132	0.13	0.152	0.147	0.143	0.132	0.141	0.139	0.122	0.105	0.146	0.116	0.168	0.137	0.13	0.129	0.163	0.153	0.125	0	0.119	0.145	0.131	0.129	0.142	0.115	0.162	0.143	0.139	0.165	0.156	0.127	0.178	0.127	0.14	0.144	0.124	0.15	0.128	0.116	0.146	0.151	0.152	0.128	0	0.115	0.092	0.141	0.149	0.123	0.138	0.154	0.113	0.134	0.123	0.115	0.128	0.153	0.149	0.114	0.158	0.126	0.142	0.151	0.119	0.124	0.146	0.136	0.113	0.116	0.14	
0.12	0.16	0.147	0.152	0.15	0.14	0.129	0.149	0.142	0.103	0.15	0.147	0.146	0.134	0.156	0.132	0.132	0.144	0.102	0.135	0.103	0.145	0.125	0.154	0.129	0.154	0.13	0.102	0.122	0.128	0.158	0.163	0.127	0.122	0.141	0.164	0.123	0.113	0.117	0.172	0.11	0.166	0.168	0.126	0.108	0.179	0.17	0.117	0	0.125	0.132	0.125	0.121	0.143	0.104	0.138	0.162	0.135	0.161	0.175	0.147	0.17	0.137	0.161	0.139	0.134	0.143	0.14	0.111	0.129	0.147	0.148	0.149	0	0.126	0.081	0.143	0.157	0.143	0.152	0.129	0.127	0.113	0.16	0.13	0.114	0.147	0.132	0.133	0.142	0.117	0.15	0.153	0.122	0.113	0.157	0.129	0.129	0.127	0.145	
0.11	0.173	0.148	0.15	0.141	0.141	0.143	0.158	0.132	0.125	0.152	0.126	0.121	0.135	0.132	0.121	0.15	0.138	0.094	0.126	0.105	0.138	0.137	0.145	0.163	0.144	0.14	0.1	0.132	0.122	0.161	0.155	0.104	0.14	0.144	0.146	0.143	0.121	0.124	0.151	0.139	0.179	0.173	0.14	0.118	0.159	0.148	0.117	0	0.146	0.148	0.137	0.138	0.145	0.1	0.127	0.151	0.142	0.174	0.162	0.148	0.149	0.145	0.163	0.166	0.139	0.137	0.127	0.109	0.119	0.137	0.155	0.151	0	0.139	0.109	0.123	0.161	0.129	0.127	0.133	0.136	0.131	0.121	0.137	0.119	0.168	0.152	0.146	0.148	0.13	0.142	0.155	0.122	0.126	0.137	0.114	0.107	0.128	0.131	
0.118	0.155	0.15	0.155	0.127	0.157	0.135	0.159	0.104	0.136	0.151	0.131	0.13	0.162	0.129	0.136	0.154	0.154	0.109	0.121	0.107	0.121	0.153	0.134	0.134	0.163	0.125	0.09	0.128	0.119	0.152	0.163	0.121	0.108	0.15	0.167	0.165	0.144	0.126	0.155	0.139	0.158	0.173	0.14	0.105	0.158	0.138	0.119	0	0.162	0.12	0.16	0.161	0.11	0.089	0.137	0.141	0.164	0.166	0.12	0.139	0.132	0.126	0.154	0.153	0.125	0.138	0.127	0.122	0.127	0.144	0.125	0.143	0	0.137	0.12	0.157	0.15	0.136	0.125	0.123	0.143	0.137	0.12	0.132	0.144	0.162	0.148	0.133	0.124	0.14	0.136	0.126	0.145	0.138	0.129	0.121	0.122	0.135	0.126	
0.118	0.183	0.119	0.14	0.123	0.148	0.129	0.135	0.11	0.128	0.157	0.112	0.159	0.14	0.15	0.128	0.151	0.152	0.113	0.129	0.133	0.134	0.147	0.124	0.146	0.132	0.127	0.088	0.113	0.147	0.127	0.136	0.132	0.11	0.124	0.166	0.154	0.13	0.122	0.156	0.148	0.145	0.149	0.138	0.106	0.169	0.137	0.126	0	0.164	0.136	0.141	0.141	0.108	0.108	0.108	0.136	0.154	0.153	0.14	0.143	0.145	0.16	0.145	0.129	0.109	0.13	0.149	0.129	0.126	0.137	0.141	0.137	0	0.15	0.147	0.143	0.144	0.143	0.133	0.13	0.126	0.147	0.145	0.126	0.134	0.149	0.137	0.128	0.172	0.148	0.136	0.122	0.134	0.156	0.128	0.117	0.122	0.136	0.114	
0.112	0.174	0.132	0.157	0.13	0.147	0.132	0.139	0.107	0.129	0.126	0.097	0.152	0.147	0.166	0.125	0.143	0.147	0.121	0.12	0.145	0.124	0.14	0.141	0.13	0.114	0.126	0.105	0.129	0.156	0.135	0.15	0.153	0.134	0.146	0.132	0.123	0.16	0.118	0.134	0.135	0.132	0.152	0.151	0.106	0.15	0.15	0.131	0	0.168	0.138	0.116	0.118	0.101	0.131	0.116	0.139	0.136	0.163	0.143	0.132	0.134	0.163	0.154	0.15	0.105	0.148	0.146	0.157	0.139	0.155	0.135	0.157	0	0.137	0.143	0.105	0.147	0.143	0.127	0.113	0.138	0.132	0.158	0.141	0.142	0.146	0.129	0.144	0.142	0.121	0.127	0.105	0.125	0.166	0.128	0.094	0.135	0.144	0.122	
0.118	0.174	0.134	0.173	0.112	0.155	0.135	0.129	0.097	0.12	0.154	0.08	0.158	0.162	0.162	0.153	0.151	0.153	0.133	0.114	0.169	0.14	0.133	0.133	0.14	0.127	0.113	0.126	0.157	0.149	0.155	0.142	0.148	0.141	0.138	0.136	0.127	0.121	0.13	0.143	0.137	0.134	0.173	0.157	0.118	0.131	0.157	0.143	0	0.174	0.149	0.128	0.125	0.104	0.137	0.133	0.144	0.157	0.144	0.158	0.144	0.14	0.127	0.167	0.132	0.123	0.184	0.146	0.166	0.159	0.155	0.134	0.153	0	0.146	0.136	0.108	0.142	0.15	0.137	0.122	0.156	0.138	0.137	0.159	0.135	0.126	0.128	0.155	0.116	0.13	0.123	0.124	0.11	0.159	0.109	0.095	0.139	0.11	0.109	
0.135	0.152	0.128	0.16	0.137	0.168	0.136	0.139	0.12	0.127	0.148	0.101	0.152	0.142	0.165	0.15	0.128	0.16	0.136	0.124	0.153	0.127	0.116	0.137	0.145	0.129	0.126	0.148	0.148	0.135	0.147	0.148	0.185	0.164	0.134	0.142	0.111	0.133	0.147	0.137	0.135	0.128	0.148	0.135	0.13	0.134	0.16	0.152	0	0.143	0.149	0.135	0.115	0.115	0.138	0.121	0.146	0.152	0.13	0.16	0.143	0.133	0.134	0.156	0.124	0.148	0.163	0.156	0.167	0.149	0.141	0.146	0.143	0	0.148	0.128	0.118	0.146	0.132	0.15	0.135	0.143	0.131	0.154	0.157	0.117	0.136	0.125	0.136	0.11	0.11	0.118	0.162	0.115	0.148	0.101	0.133	0.13	0.126	0.108	
0.142	0.132	0.143	0.157	0.144	0.158	0.122	0.141	0.116	0.122	0.158	0.096	0.131	0.142	0.15	0.15	0.159	0.149	0.125	0.122	0.138	0.13	0.115	0.124	0.124	0.139	0.155	0.163	0.158	0.117	0.143	0.12	0.15	0.142	0.123	0.148	0.146	0.124	0.127	0.135	0.146	0.15	0.153	0.166	0.138	0.117	0.138	0.151	0	0.16	0.131	0.139	0.121	0.122	0.14	0.111	0.139	0.137	0.145	0.143	0.14	0.134	0.129	0.153	0.127	0.133	0.158	0.113	0.162	0.161	0.136	0.151	0.166	0	0.156	0.114	0.114	0.155	0.133	0.155	0.142	0.125	0.133	0.144	0.129	0.123	0.155	0.142	0.131	0.125	0.123	0.13	0.124	0.123	0.15	0.105	0.114	0.125	0.116	0.116	
0.157	0.143	0.132	0.121	0.131	0.161	0.132	0.151	0.125	0.134	0.129	0.114	0.15	0.123	0.153	0.139	0.135	0.135	0.134	0.133	0.127	0.159	0.117	0.145	0.106	0.138	0.134	0.152	0.134	0.129	0.119	0.134	0.175	0.123	0.137	0.149	0.135	0.137	0.142	0.136	0.135	0.149	0.144	0.136	0.118	0.121	0.131	0.129	0	0.159	0.139	0.135	0.141	0.128	0.141	0.119	0.154	0.127	0.138	0.119	0.165	0.151	0.115	0.131	0.145	0.133	0.166	0.109	0.145	0.156	0.123	0.156	0.169	0	0.135	0.113	0.143	0.145	0.148	0.153	0.113	0.125	0.13	0.142	0.148	0.142	0.171	0.139	0.127	0.125	0.142	0.144	0.147	0.107	0.147	0.119	0.11	0.125	0.094	0.118	
0.148	0.122	0.119	0.119	0.129	0.14	0.129	0.173	0.117	0.164	0.138	0.15	0.14	0.12	0.151	0.139	0.125	0.163	0.165	0.138	0.127	0.135	0.12	0.149	0.118	0.115	0.125	0.176	0.137	0.145	0.141	0.127	0.154	0.137	0.133	0.126	0.136	0.127	0.129	0.145	0.146	0.167	0.131	0.151	0.125	0.119	0.135	0.13	0	0.161	0.141	0.125	0.112	0.138	0.139	0.134	0.164	0.121	0.134	0.12	0.155	0.146	0.11	0.12	0.141	0.136	0.157	0.101	0.128	0.143	0.12	0.152	0.154	0	0.103	0.128	0.148	0.15	0.172	0.139	0.121	0.109	0.14	0.145	0.138	0.144	0.17	0.138	0.13	0.12	0.118	0.158	0.127	0.106	0.129	0.132	0.114	0.113	0.102	0.115	
0.159	0.119	0.141	0.118	0.135	0.13	0.15	0.18	0.117	0.171	0.118	0.12	0.14	0.123	0.154	0.126	0.141	0.129	0.141	0.135	0.146	0.137	0.122	0.135	0.097	0.123	0.125	0.177	0.149	0.143	0.146	0.134	0.167	0.135	0.124	0.126	0.151	0.13	0.094	0.147	0.153	0.132	0.152	0.162	0.127	0.116	0.14	0.118	0	0.178	0.158	0.118	0.122	0.147	0.141	0.148	0.149	0.133	0.153	0.13	0.14	0.13	0.137	0.145	0.14	0.142	0.143	0.119	0.124	0.153	0.15	0.135	0.126	0	0.13	0.132	0.145	0.14	0.156	0.147	0.137	0.129	0.134	0.131	0.131	0.145	0.163	0.158	0.128	0.113	0.111	0.135	0.111	0.124	0.135	0.14	0.116	0.119	0.105	0.123	
0.154	0.112	0.16	0.1	0.136	0.092	0.141	0.162	0.114	0.154	0.128	0.11	0.126	0.122	0.139	0.125	0.127	0.145	0.151	0.121	0.137	0.144	0.128	0.137	0.093	0.156	0.142	0.186	0.155	0.159	0.111	0.133	0.15	0.148	0.116	0.134	0.154	0.119	0.125	0.142	0.141	0.157	0.16	0.156	0.138	0.121	0.142	0.114	0	0.169	0.15	0.145	0.129	0.149	0.167	0.141	0.155	0.132	0.141	0.143	0.156	0.145	0.124	0.141	0.155	0.15	0.12	0.139	0.114	0.136	0.136	0.134	0.132	0	0.124	0.133	0.14	0.168	0.165	0.142	0.117	0.164	0.144	0.132	0.144	0.157	0.152	0.156	0.135	0.089	0.111	0.132	0.134	0.113	0.137	0.13	0.139	0.12	0.111	0.11	
0.157	0.125	0.155	0.108	0.135	0.1	0.14	0.161	0.118	0.153	0.117	0.109	0.112	0.116	0.149	0.103	0.116	0.15	0.143	0.106	0.129	0.163	0.146	0.126	0.116	0.162	0.125	0.166	0.165	0.152	0.116	0.119	0.165	0.149	0.123	0.136	0.137	0.124	0.133	0.134	0.15	0.143	0.202	0.146	0.138	0.14	0.121	0.119	0	0.16	0.134	0.118	0.134	0.139	0.155	0.118	0.149	0.133	0.139	0.141	0.147	0.138	0.122	0.153	0.144	0.117	0.12	0.117	0.132	0.14	0.134	0.13	0.134	0	0.122	0.111	0.139	0.175	0.152	0.154	0.142	0.158	0.156	0.139	0.153	0.142	0.172	0.155	0.143	0.105	0.097	0.122	0.134	0.108	0.129	0.123	0.134	0.122	0.118	0.147	
0.149	0.115	0.11	0.104	0.123	0.132	0.168	0.152	0.131	0.152	0.143	0.112	0.129	0.1	0.141	0.126	0.127	0.15	0.161	0.118	0.111	0.163	0.141	0.148	0.115	0.153	0.123	0.114	0.157	0.145	0.122	0.126	0.154	0.172	0.122	0.138	0.144	0.132	0.122	0.135	0.143	0.146	0.188	0.156	0.143	0.14	0.108	0.147	0	0.142	0.13	0.112	0.117	0.161	0.152	0.137	0.14	0.134	0.153	0.149	0.126	0.133	0.111	0.118	0.136	0.136	0.134	0.117	0.132	0.13	0.128	0.111	0.13	0	0.113	0.097	0.121	0.137	0.147	0.152	0.133	0.152	0.154	0.117	0.148	0.16	0.164	0.155	0.12	0.098	0.141	0.143	0.124	0.113	0.123	0.119	0.137	0.126	0.137	0.131	
0.121	0.113	0.119	0.106	0.13	0.15	0.155	0.158	0.127	0.185	0.142	0.11	0.139	0.109	0.15	0.123	0.128	0.135	0.125	0.133	0.128	0.161	0.159	0.139	0.131	0.132	0.15	0.133	0.164	0.136	0.138	0.116	0.142	0.172	0.114	0.146	0.142	0.126	0.116	0.127	0.136	0.135	0.17	0.139	0.127	0.129	0.105	0.149	0	0.135	0.123	0.13	0.108	0.141	0.144	0.13	0.146	0.135	0.143	0.145	0.145	0.126	0.125	0.108	0.138	0.127	0.136	0.111	0.118	0.124	0.154	0.103	0.135	0	0.105	0.107	0.112	0.127	0.151	0.152	0.143	0.128	0.16	0.129	0.168	0.124	0.18	0.155	0.136	0.103	0.137	0.117	0.126	0.121	0.111	0.131	0.113	0.13	0.145	0.115	
0.131	0.13	0.114	0.096	0.131	0.172	0.15	0.157	0.131	0.191	0.141	0.098	0.153	0.106	0.139	0.123	0.145	0.128	0.126	0.115	0.136	0.132	0.153	0.134	0.128	0.137	0.148	0.134	0.157	0.132	0.128	0.14	0.157	0.192	0.108	0.159	0.118	0.145	0.098	0.133	0.132	0.138	0.172	0.137	0.139	0.153	0.12	0.134	0	0.142	0.124	0.128	0.116	0.113	0.112	0.134	0.133	0.144	0.167	0.12	0.141	0.136	0.117	0.103	0.122	0.118	0.134	0.085	0.145	0.128	0.18	0.102	0.138	0	0.123	0.115	0.11	0.121	0.157	0.143	0.132	0.15	0.149	0.122	0.19	0.134	0.176	0.13	0.172	0.108	0.13	0.12	0.13	0.126	0.102	0.155	0.139	0.147	0.133	0.131	
0.14	0.135	0.13	0.13	0.154	0.158	0.147	0.154	0.148	0.177	0.147	0.096	0.154	0.127	0.141	0.103	0.143	0.121	0.113	0.105	0.119	0.133	0.142	0.149	0.145	0.136	0.147	0.136	0.144	0.117	0.12	0.126	0.143	0.177	0.11	0.159	0.127	0.148	0.114	0.135	0.122	0.135	0.178	0.122	0.137	0.139	0.138	0.126	0	0.134	0.124	0.129	0.127	0.11	0.115	0.137	0.136	0.149	0.161	0.13	0.146	0.134	0.119	0.116	0.131	0.138	0.144	0.09	0.138	0.14	0.144	0.11	0.148	0	0.13	0.145	0.128	0.146	0.144	0.147	0.128	0.136	0.149	0.114	0.166	0.12	0.153	0.141	0.155	0.106	0.115	0.115	0.109	0.125	0.111	0.141	0.142	0.141	0.117	0.142	
0.148	0.128	0.132	0.134	0.149	0.142	0.112	0.149	0.146	0.163	0.154	0.115	0.179	0.149	0.131	0.135	0.148	0.135	0.12	0.098	0.125	0.131	0.123	0.14	0.135	0.121	0.157	0.143	0.167	0.125	0.115	0.138	0.161	0.18	0.117	0.151	0.123	0.143	0.119	0.124	0.125	0.129	0.135	0.141	0.143	0.144	0.115	0.131	0	0.165	0.133	0.111	0.124	0.115	0.143	0.132	0.12	0.137	0.147	0.12	0.151	0.151	0.123	0.135	0.127	0.151	0.153	0.103	0.135	0.137	0.143	0.122	0.136	0	0.127	0.118	0.145	0.159	0.144	0.146	0.141	0.131	0.134	0.137	0.157	0.125	0.143	0.126	0.139	0.123	0.114	0.125	0.115	0.137	0.117	0.112	0.147	0.128	0.109	0.134	
0.133	0.13	0.145	0.131	0.16	0.123	0.091	0.165	0.138	0.173	0.147	0.115	0.153	0.14	0.124	0.145	0.157	0.132	0.129	0.099	0.15	0.136	0.12	0.134	0.13	0.118	0.169	0.131	0.166	0.124	0.125	0.13	0.152	0.15	0.129	0.166	0.121	0.112	0.125	0.13	0.133	0.101	0.127	0.148	0.138	0.138	0.132	0.134	0	0.153	0.132	0.134	0.11	0.138	0.139	0.155	0.139	0.132	0.164	0.112	0.138	0.145	0.139	0.16	0.135	0.144	0.148	0.12	0.142	0.144	0.159	0.136	0.119	0	0.134	0.139	0.127	0.177	0.142	0.145	0.161	0.12	0.13	0.124	0.17	0.153	0.118	0.122	0.138	0.141	0.126	0.126	0.122	0.135	0.123	0.106	0.142	0.138	0.128	0.115	
0.113	0.131	0.136	0.146	0.171	0.12	0.074	0.159	0.124	0.143	0.127	0.126	0.171	0.128	0.118	0.152	0.183	0.127	0.143	0.107	0.158	0.13	0.104	0.13	0.156	0.146	0.145	0.13	0.162	0.142	0.143	0.109	0.129	0.16	0.119	0.159	0.139	0.117	0.114	0.145	0.136	0.127	0.124	0.173	0.158	0.133	0.131	0.125	0	0.14	0.137	0.136	0.126	0.126	0.161	0.148	0.164	0.136	0.178	0.107	0.123	0.143	0.137	0.162	0.125	0.134	0.146	0.148	0.159	0.148	0.165	0.116	0.127	0	0.127	0.124	0.125	0.16	0.125	0.16	0.132	0.119	0.139	0.124	0.166	0.155	0.139	0.133	0.13	0.128	0.146	0.126	0.107	0.157	0.129	0.12	0.15	0.12	0.13	0.11	
0.101	0.129	0.173	0.169	0.168	0.144	0.085	0.159	0.154	0.151	0.123	0.124	0.158	0.132	0.103	0.136	0.168	0.127	0.138	0.118	0.154	0.133	0.135	0.107	0.146	0.138	0.153	0.126	0.129	0.13	0.128	0.125	0.118	0.167	0.116	0.142	0.141	0.124	0.129	0.157	0.15	0.125	0.148	0.15	0.149	0.149	0.116	0.13	0	0.154	0.14	0.171	0.155	0.116	0.129	0.139	0.138	0.144	0.165	0.104	0.107	0.137	0.144	0.157	0.103	0.152	0.129	0.156	0.176	0.149	0.144	0.128	0.132	0	0.133	0.11	0.125	0.175	0.163	0.151	0.12	0.125	0.139	0.121	0.156	0.163	0.137	0.132	0.137	0.136	0.13	0.117	0.099	0.158	0.157	0.135	0.143	0.112	0.129	0.13	
0.106	0.148	0.145	0.152	0.157	0.144	0.116	0.151	0.139	0.159	0.126	0.127	0.17	0.134	0.131	0.127	0.176	0.159	0.13	0.131	0.127	0.128	0.128	0.125	0.117	0.143	0.157	0.112	0.127	0.136	0.141	0.125	0.105	0.153	0.139	0.147	0.154	0.12	0.145	0.134	0.158	0.128	0.146	0.156	0.155	0.126	0.162	0.147	0	0.153	0.168	0.158	0.146	0.122	0.137	0.114	0.139	0.139	0.175	0.111	0.129	0.132	0.139	0.153	0.115	0.153	0.141	0.119	0.183	0.157	0.146	0.113	0.121	0	0.135	0.099	0.139	0.162	0.161	0.15	0.141	0.141	0.137	0.111	0.156	0.163	0.124	0.136	0.147	0.134	0.131	0.13	0.13	0.152	0.141	0.134	0.136	0.112	0.144	0.138	
0.109	0.157	0.122	0.16	0.158	0.155	0.131	0.18	0.135	0.162	0.118	0.122	0.154	0.143	0.115	0.133	0.149	0.13	0.139	0.131	0.141	0.119	0.13	0.131	0.115	0.122	0.164	0.124	0.151	0.149	0.142	0.141	0.119	0.14	0.138	0.144	0.154	0.124	0.158	0.127	0.152	0.138	0.146	0.171	0.132	0.096	0.162	0.145	0	0.138	0.153	0.146	0.128	0.135	0.139	0.113	0.129	0.135	0.138	0.126	0.138	0.12	0.133	0.158	0.111	0.159	0.161	0.121	0.163	0.136	0.144	0.129	0.109	0	0.137	0.093	0.112	0.152	0.158	0.145	0.154	0.148	0.161	0.102	0.149	0.147	0.136	0.139	0.157	0.118	0.148	0.156	0.12	0.158	0.155	0.159	0.152	0.129	0.136	0.136	
0.103	0.136	0.124	0.165	0.148	0.156	0.144	0.176	0.138	0.139	0.137	0.146	0.142	0.135	0.132	0.146	0.147	0.134	0.137	0.135	0.138	0.128	0.149	0.13	0.128	0.127	0.172	0.129	0.152	0.14	0.142	0.141	0.131	0.139	0.116	0.152	0.129	0.136	0.142	0.147	0.137	0.138	0.156	0.181	0.131	0.118	0.165	0.157	0	0.146	0.13	0.126	0.125	0.137	0.124	0.144	0.131	0.143	0.141	0.128	0.126	0.119	0.118	0.117	0.11	0.15	0.154	0.111	0.163	0.128	0.138	0.137	0.116	0	0.14	0.1	0.132	0.148	0.144	0.15	0.143	0.16	0.145	0.118	0.117	0.15	0.117	0.149	0.144	0.104	0.144	0.17	0.136	0.144	0.17	0.151	0.176	0.125	0.138	0.134	
0.107	0.128	0.141	0.15	0.134	0.153	0.146	0.177	0.15	0.134	0.11	0.14	0.157	0.131	0.159	0.142	0.151	0.116	0.139	0.118	0.162	0.14	0.133	0.16	0.111	0.138	0.158	0.141	0.152	0.12	0.167	0.117	0.158	0.142	0.104	0.139	0.145	0.138	0.139	0.151	0.131	0.152	0.156	0.174	0.132	0.128	0.193	0.151	0	0.126	0.125	0.128	0.121	0.134	0.126	0.151	0.142	0.163	0.157	0.144	0.148	0.098	0.112	0.111	0.102	0.156	0.152	0.115	0.141	0.139	0.126	0.151	0.099	0	0.153	0.103	0.107	0.132	0.16	0.12	0.149	0.145	0.147	0.122	0.142	0.157	0.118	0.157	0.108	0.117	0.164	0.145	0.142	0.125	0.151	0.158	0.177	0.133	0.145	0.138	
0.123	0.121	0.166	0.142	0.141	0.128	0.148	0.154	0.129	0.13	0.138	0.148	0.161	0.143	0.151	0.153	0.154	0.108	0.126	0.128	0.146	0.133	0.142	0.161	0.133	0.155	0.141	0.125	0.146	0.132	0.155	0.108	0.157	0.131	0.094	0.151	0.131	0.127	0.134	0.142	0.119	0.159	0.146	0.18	0.132	0.146	0.161	0.146	0	0.152	0.109	0.138	0.139	0.13	0.142	0.137	0.154	0.158	0.143	0.157	0.153	0.11	0.106	0.131	0.129	0.144	0.161	0.133	0.141	0.142	0.122	0.136	0.116	0	0.14	0.12	0.114	0.121	0.146	0.131	0.137	0.141	0.134	0.128	0.138	0.166	0.123	0.146	0.118	0.112	0.21	0.153	0.152	0.13	0.142	0.152	0.175	0.141	0.121	0.121	
0.133	0.144	0.146	0.156	0.151	0.132	0.152	0.139	0.123	0.114	0.139	0.144	0.145	0.172	0.158	0.161	0.158	0.11	0.165	0.149	0.162	0.126	0.136	0.16	0.176	0.132	0.135	0.115	0.157	0.111	0.142	0.1	0.182	0.13	0.103	0.145	0.152	0.123	0.138	0.13	0.123	0.152	0.152	0.157	0.121	0.14	0.16	0.14	0	0.165	0.126	0.137	0.172	0.157	0.139	0.125	0.137	0.154	0.166	0.149	0.141	0.123	0.163	0.133	0.165	0.137	0.142	0.137	0.15	0.114	0.131	0.12	0.123	0	0.14	0.134	0.122	0.143	0.157	0.121	0.127	0.152	0.151	0.133	0.118	0.177	0.123	0.144	0.146	0.123	0.196	0.156	0.162	0.127	0.126	0.142	0.141	0.164	0.12	0.133	
0.13	0.141	0.16	0.137	0.144	0.127	0.16	0.147	0.144	0.121	0.141	0.15	0.133	0.167	0.159	0.168	0.178	0.113	0.129	0.179	0.168	0.147	0.169	0.159	0.166	0.111	0.157	0.138	0.147	0.113	0.138	0.098	0.149	0.12	0.107	0.142	0.142	0.137	0.13	0.125	0.122	0.146	0.126	0.16	0.115	0.142	0.154	0.142	0	0.152	0.12	0.139	0.149	0.152	0.121	0.119	0.126	0.128	0.151	0.143	0.134	0.149	0.148	0.141	0.148	0.131	0.128	0.147	0.129	0.159	0.123	0.139	0.143	0	0.105	0.129	0.132	0.13	0.162	0.128	0.12	0.158	0.148	0.143	0.124	0.172	0.137	0.151	0.162	0.131	0.19	0.137	0.15	0.123	0.141	0.164	0.113	0.124	0.123	0.131	
0.155	0.134	0.142	0.163	0.165	0.145	0.156	0.146	0.15	0.121	0.142	0.14	0.136	0.169	0.151	0.144	0.188	0.099	0.126	0.139	0.157	0.151	0.191	0.15	0.169	0.115	0.144	0.142	0.131	0.092	0.149	0.102	0.159	0.123	0.109	0.129	0.134	0.148	0.153	0.136	0.116	0.131	0.138	0.154	0.113	0.125	0.164	0.149	0	0.134	0.104	0.13	0.152	0.153	0.154	0.132	0.116	0.139	0.146	0.157	0.127	0.133	0.15	0.122	0.156	0.111	0.115	0.139	0.142	0.154	0.119	0.136	0.119	0	0.112	0.141	0.09	0.138	0.17	0.121	0.119	0.133	0.139	0.144	0.134	0.152	0.116	0.14	0.141	0.149	0.172	0.139	0.157	0.131	0.102	0.152	0.114	0.131	0.106	0.13	
0.138	0.138	0.113	0.157	0.144	0.162	0.15	0.134	0.152	0.12	0.161	0.127	0.133	0.154	0.129	0.151	0.151	0.118	0.132	0.156	0.16	0.152	0.185	0.161	0.157	0.126	0.136	0.118	0.143	0.094	0.152	0.109	0.125	0.122	0.116	0.138	0.136	0.15	0.13	0.138	0.09	0.138	0.159	0.164	0.151	0.124	0.166	0.15	0	0.144	0.116	0.094	0.14	0.164	0.15	0.12	0.14	0.14	0.154	0.193	0.121	0.142	0.15	0.137	0.149	0.124	0.135	0.141	0.157	0.143	0.101	0.133	0.113	0	0.129	0.126	0.095	0.172	0.188	0.119	0.116	0.136	0.142	0.158	0.133	0.16	0.129	0.127	0.124	0.132	0.163	0.117	0.169	0.153	0.123	0.148	0.133	0.141	0.12	0.146	
0.13	0.134	0.149	0.176	0.152	0.15	0.136	0.126	0.141	0.119	0.135	0.139	0.132	0.136	0.144	0.153	0.164	0.117	0.141	0.143	0.149	0.154	0.16	0.159	0.161	0.113	0.128	0.129	0.161	0.103	0.149	0.127	0.115	0.16	0.128	0.143	0.129	0.13	0.149	0.141	0.107	0.148	0.165	0.147	0.147	0.142	0.165	0.162	0	0.174	0.108	0.104	0.144	0.153	0.152	0.126	0.159	0.15	0.172	0.183	0.126	0.134	0.134	0.109	0.151	0.138	0.139	0.135	0.162	0.135	0.108	0.152	0.128	0	0.141	0.129	0.109	0.144	0.175	0.13	0.111	0.158	0.123	0.152	0.133	0.139	0.128	0.119	0.132	0.14	0.14	0.123	0.151	0.123	0.135	0.119	0.14	0.12	0.099	0.155	
0.131	0.119	0.139	0.149	0.149	0.137	0.153	0.118	0.159	0.138	0.128	0.11	0.154	0.151	0.124	0.137	0.168	0.125	0.142	0.147	0.136	0.151	0.161	0.157	0.165	0.091	0.127	0.114	0.172	0.123	0.164	0.142	0.126	0.157	0.129	0.149	0.127	0.137	0.151	0.15	0.141	0.174	0.163	0.144	0.14	0.137	0.159	0.137	0	0.161	0.109	0.134	0.162	0.166	0.143	0.132	0.141	0.159	0.176	0.178	0.131	0.138	0.139	0.122	0.138	0.127	0.138	0.132	0.153	0.135	0.132	0.172	0.145	0	0.148	0.131	0.102	0.168	0.175	0.117	0.133	0.144	0.115	0.144	0.106	0.122	0.135	0.118	0.129	0.132	0.142	0.117	0.146	0.134	0.125	0.153	0.13	0.134	0.114	0.147	
0.134	0.107	0.136	0.11	0.183	0.144	0.183	0.105	0.163	0.139	0.142	0.1	0.152	0.149	0.12	0.133	0.165	0.129	0.153	0.163	0.129	0.141	0.149	0.153	0.154	0.11	0.14	0.145	0.174	0.121	0.146	0.17	0.151	0.162	0.128	0.171	0.116	0.139	0.148	0.144	0.136	0.146	0.159	0.142	0.131	0.154	0.152	0.133	0	0.183	0.14	0.146	0.168	0.177	0.146	0.16	0.139	0.184	0.149	0.171	0.143	0.165	0.143	0.11	0.131	0.128	0.134	0.134	0.141	0.135	0.136	0.151	0.146	0	0.139	0.15	0.093	0.168	0.163	0.108	0.116	0.135	0.108	0.131	0.126	0.114	0.118	0.148	0.124	0.127	0.137	0.116	0.161	0.139	0.107	0.147	0.156	0.152	0.119	0.146	
0.12	0.106	0.118	0.122	0.16	0.141	0.144	0.118	0.147	0.141	0.131	0.12	0.149	0.119	0.124	0.145	0.146	0.135	0.142	0.16	0.147	0.157	0.142	0.163	0.159	0.1	0.164	0.127	0.152	0.122	0.154	0.165	0.121	0.151	0.141	0.139	0.11	0.169	0.148	0.131	0.135	0.144	0.14	0.104	0.131	0.15	0.151	0.16	0	0.143	0.118	0.128	0.154	0.15	0.154	0.149	0.158	0.173	0.146	0.166	0.151	0.156	0.147	0.116	0.132	0.121	0.139	0.117	0.131	0.142	0.127	0.162	0.169	0	0.137	0.135	0.112	0.133	0.146	0.103	0.122	0.118	0.141	0.156	0.14	0.104	0.124	0.15	0.121	0.124	0.148	0.123	0.129	0.13	0.12	0.138	0.173	0.148	0.13	0.148	
0.141	0.133	0.118	0.134	0.152	0.135	0.151	0.112	0.154	0.161	0.134	0.127	0.134	0.114	0.101	0.132	0.161	0.158	0.125	0.133	0.146	0.14	0.141	0.155	0.159	0.108	0.159	0.127	0.141	0.149	0.162	0.144	0.1	0.143	0.116	0.112	0.122	0.151	0.145	0.088	0.149	0.175	0.134	0.125	0.128	0.146	0.147	0.148	0	0.137	0.118	0.115	0.128	0.141	0.153	0.156	0.138	0.146	0.13	0.158	0.134	0.155	0.142	0.139	0.142	0.147	0.139	0.124	0.115	0.138	0.114	0.147	0.15	0	0.169	0.137	0.105	0.114	0.13	0.108	0.164	0.111	0.157	0.16	0.126	0.101	0.143	0.14	0.137	0.117	0.145	0.128	0.131	0.14	0.129	0.118	0.15	0.133	0.114	0.129	
0.155	0.143	0.123	0.127	0.118	0.139	0.142	0.13	0.149	0.16	0.147	0.12	0.141	0.093	0.125	0.139	0.166	0.148	0.154	0.152	0.125	0.152	0.155	0.154	0.145	0.105	0.157	0.116	0.129	0.177	0.166	0.141	0.131	0.136	0.129	0.122	0.117	0.131	0.124	0.112	0.145	0.165	0.136	0.109	0.112	0.131	0.151	0.155	0	0.122	0.137	0.123	0.127	0.137	0.142	0.145	0.13	0.139	0.121	0.152	0.135	0.166	0.169	0.132	0.131	0.147	0.142	0.138	0.121	0.118	0.123	0.149	0.129	0	0.157	0.12	0.12	0.123	0.128	0.119	0.15	0.115	0.139	0.161	0.125	0.097	0.137	0.137	0.133	0.14	0.147	0.149	0.136	0.141	0.116	0.122	0.153	0.133	0.118	0.128	
0.163	0.145	0.114	0.134	0.117	0.125	0.133	0.143	0.153	0.143	0.161	0.129	0.157	0.104	0.143	0.125	0.144	0.172	0.154	0.152	0.14	0.163	0.142	0.144	0.164	0.106	0.129	0.136	0.133	0.176	0.168	0.147	0.135	0.139	0.11	0.123	0.131	0.141	0.122	0.12	0.146	0.135	0.148	0.119	0.102	0.138	0.12	0.14	0	0.141	0.137	0.126	0.132	0.123	0.123	0.125	0.109	0.13	0.113	0.156	0.163	0.147	0.157	0.153	0.125	0.149	0.132	0.138	0.13	0.117	0.137	0.142	0.119	0	0.149	0.111	0.125	0.106	0.134	0.112	0.159	0.104	0.132	0.128	0.138	0.094	0.137	0.121	0.131	0.125	0.153	0.145	0.142	0.153	0.118	0.133	0.115	0.125	0.12	0.127	
0.139	0.157	0.123	0.126	0.112	0.133	0.127	0.126	0.135	0.144	0.154	0.142	0.144	0.127	0.125	0.115	0.139	0.164	0.139	0.162	0.141	0.161	0.131	0.137	0.157	0.115	0.142	0.14	0.134	0.159	0.175	0.157	0.151	0.119	0.111	0.104	0.139	0.142	0.105	0.116	0.151	0.126	0.132	0.123	0.115	0.147	0.127	0.129	0	0.158	0.117	0.099	0.102	0.101	0.134	0.126	0.101	0.139	0.107	0.137	0.175	0.154	0.153	0.136	0.128	0.141	0.144	0.168	0.121	0.144	0.136	0.149	0.133	0	0.15	0.136	0.129	0.106	0.144	0.121	0.126	0.127	0.129	0.136	0.118	0.099	0.151	0.112	0.146	0.113	0.154	0.165	0.123	0.153	0.127	0.125	0.117	0.128	0.121	0.125	
0.125	0.128	0.14	0.131	0.115	0.145	0.131	0.115	0.12	0.123	0.148	0.148	0.138	0.113	0.133	0.151	0.137	0.169	0.147	0.16	0.144	0.161	0.151	0.151	0.151	0.128	0.139	0.143	0.122	0.121	0.156	0.144	0.143	0.103	0.116	0.121	0.139	0.144	0.108	0.131	0.16	0.12	0.11	0.125	0.105	0.164	0.132	0.123	0	0.15	0.113	0.101	0.116	0.121	0.121	0.143	0.108	0.135	0.11	0.135	0.163	0.13	0.124	0.149	0.13	0.128	0.139	0.165	0.103	0.127	0.131	0.157	0.152	0	0.152	0.116	0.122	0.148	0.149	0.133	0.135	0.13	0.11	0.126	0.148	0.108	0.143	0.128	0.17	0.116	0.161	0.141	0.131	0.161	0.146	0.119	0.12	0.154	0.11	0.157	
0.137	0.148	0.162	0.142	0.116	0.128	0.102	0.122	0.124	0.136	0.155	0.134	0.113	0.126	0.143	0.137	0.119	0.165	0.124	0.137	0.138	0.165	0.154	0.152	0.144	0.125	0.147	0.138	0.116	0.151	0.162	0.15	0.137	0.11	0.118	0.15	0.106	0.141	0.108	0.129	0.168	0.125	0.131	0.111	0.108	0.128	0.138	0.128	0	0.148	0.11	0.125	0.121	0.098	0.104	0.146	0.111	0.152	0.107	0.127	0.132	0.122	0.122	0.177	0.129	0.121	0.107	0.149	0.115	0.117	0.099	0.161	0.144	0	0.155	0.118	0.12	0.146	0.125	0.124	0.124	0.14	0.121	0.14	0.153	0.11	0.145	0.152	0.149	0.126	0.135	0.132	0.129	0.133	0.143	0.141	0.134	0.139	0.126	0.148	
0.148	0.13	0.151	0.167	0.097	0.113	0.12	0.104	0.115	0.155	0.137	0.122	0.118	0.11	0.135	0.113	0.143	0.161	0.124	0.124	0.13	0.168	0.148	0.146	0.139	0.12	0.157	0.158	0.134	0.174	0.176	0.144	0.124	0.11	0.13	0.157	0.123	0.179	0.119	0.117	0.15	0.132	0.123	0.124	0.122	0.137	0.143	0.144	0	0.154	0.123	0.146	0.128	0.102	0.112	0.125	0.101	0.145	0.118	0.115	0.122	0.132	0.136	0.162	0.136	0.12	0.119	0.159	0.107	0.124	0.11	0.135	0.143	0	0.12	0.108	0.123	0.137	0.113	0.125	0.139	0.143	0.128	0.145	0.122	0.112	0.134	0.139	0.132	0.128	0.147	0.137	0.14	0.148	0.133	0.156	0.129	0.147	0.135	0.172	
